1541636849976
1541636850057
1541636850102
1541636850141
1541636850220
1541636850305
1541636850385
1541636850430
1541636850469
1541636850548
1541636850633
1541636850714
1541636850763
1541636850798
1541636850877
1541636850958
1541636851043
1541636851086
1541636851127
1541636851206
1541636851287
1541636851368
1541636851416
1541636851456
1541636851536
1541636851616
1541636851697
1541636851744
1541636851786
1541636851864
1541636851945
1541636852026
1541636852069
1541636852113
1541636852193
1541636852274
1541636852356
1541636852398
1541636852443
1541636852521
1541636852603
1541636852684
1541636852727
1541636852771
1541636852851
1541636852932
1541636853013
1541636853060
1541636853100
1541636853179
1541636853261
1541636853342
1541636853385
1541636853425
1541636853508
1541636853589
1541636853671
1541636853715
1541636853755
1541636853837
1541636853918
1541636853999
1541636854043
1541636854083
1541636854167
1541636854248
1541636854328
1541636854371
1541636854414
1541636854491
1541636854573
1541636854658
1541636854701
1541636854741
1541636854819
1541636854900
1541636854982
1541636855025
1541636855065
1541636855144
1541636855228
1541636855309
1541636855390
1541636855433
1541636855513
1541636855594
1541636855679
1541636855724
1541636855763
1541636855841
1541636855927
1541636856007
1541636856051
1541636856091
1541636856177
1541636856251
1541636856333
1541636856380
1541636856423
1541636856540
1541636856626
1541636856707
1541636856750
1541636856792
1541636856869
1541636856955
1541636857037
1541636857079
1541636857120
1541636857199
1541636857280
1541636857365
1541636857408
1541636857450
1541636857527
1541636857613
1541636857695
1541636857738
1541636857778
1541636857856
1541636857937
1541636858023
1541636858067
1541636858107
1541636858186
1541636858267
1541636858352
1541636858395
1541636858437
1541636858515
1541636858596
1541636858681
1541636858724
1541636858765
1541636858844
1541636858925
1541636859010
1541636859053
1541636859094
1541636859173
1541636859255
1541636859335
1541636859379
1541636859420
1541636859502
1541636859583
1541636859665
1541636859708
1541636859753
1541636859831
1541636859913
1541636859994
1541636860037
1541636860077
1541636860161
1541636860242
1541636860324
1541636860367
1541636860407
1541636860490
1541636860570
1541636860652
1541636860695
1541636860735
1541636860816
1541636860900
1541636860981
1541636861024
1541636861064
1541636861144
1541636861229
1541636861310
1541636861354
1541636861394
1541636861473
1541636861553
1541636861635
1541636861682
1541636861723
1541636861801
1541636861882
1541636861964
1541636862011
1541636862047
1541636862130
1541636862211
1541636862293
1541636862337
1541636862381
1541636862459
1541636862540
1541636862622
1541636862666
1541636862705
1541636862789
1541636862870
1541636862951
1541636862993
1541636863035
1541636863158
1541636863239
1541636863320
1541636863363
1541636863404
1541636863483
1541636863568
1541636863649
1541636863693
1541636863737
1541636863812
1541636863892
1541636863979
1541636864021
1541636864062
1541636864140
1541636864222
1541636864307
1541636864351
1541636864392
1541636864470
1541636864555
1541636864636
1541636864679
1541636864719
1541636864799
1541636864920
1541636865002
1541636865049
1541636865089
1541636865168
1541636865250
1541636865335
1541636865378
1541636865419
1541636865497
1541636865579
1541636865659
1541636865703
1541636865744
1541636865827
1541636865908
1541636865989
1541636866032
1541636866077
1541636866155
1541636866237
1541636866317
1541636866361
1541636866402
1541636866485
1541636866566
1541636866647
1541636866690
1541636866730
1541636866810
1541636866895
1541636866976
1541636867020
1541636867059
1541636867139
1541636867224
1541636867305
1541636867348
1541636867389
1541636867468
1541636867553
1541636867634
1541636867677
1541636867718
1541636867796
1541636867878
1541636867963
1541636868006
1541636868046
1541636868126
1541636868207
1541636868287
1541636868335
1541636868375
1541636868453
1541636868535
1541636868621
1541636868663
1541636868704
1541636868783
1541636868864
1541636868945
1541636868992
1541636869033
1541636869112
1541636869195
1541636869274
1541636869318
1541636869358
1541636869440
1541636869523
1541636869603
1541636869646
1541636869686
1541636869812
1541636869893
1541636869974
1541636870017
1541636870057
1541636870136
1541636870223
1541636870424
1541636870468
1541636870508
1541636870591
1541636870671
1541636870753
1541636870796
1541636870836
1541636870915
1541636871001
1541636871081
1541636871124
1541636871164
1541636871243
1541636871324
1541636871405
1541636871452
1541636871493
1541636871572
1541636871653
1541636871734
1541636871777
1541636871817
1541636871899
1541636871981
1541636872063
1541636872105
1541636872145
1541636872224
1541636872305
1541636872390
1541636872434
1541636872474
1541636872552
1541636872634
1541636872714
1541636872759
1541636872798
1541636872880
1541636872961
1541636873043
1541636873086
1541636873126
1541636873205
1541636873286
1541636873370
1541636873414
1541636873454
1541636873533
1541636873613
1541636873695
1541636873738
1541636873783
1541636873861
1541636873942
1541636874023
1541636874066
1541636874107
1541636874185
1541636874270
1541636874352
1541636874395
1541636874436
1541636874513
1541636874594
1541636874679
1541636874723
1541636874763
1541636874842
1541636874924
1541636875008
1541636875052
1541636875092
1541636875171
1541636875252
1541636875334
1541636875381
1541636875422
1541636875500
1541636875581
1541636875664
1541636875711
1541636875751
1541636875830
1541636875911
1541636875995
1541636876039
1541636876080
1541636876159
1541636876240
1541636876321
1541636876368
1541636876409
1541636876527
1541636876608
1541636876690
1541636876737
1541636876778
1541636876857
1541636876938
1541636877019
1541636877062
1541636877106
1541636877185
1541636877266
1541636877347
1541636877429
1541636877472
1541636877551
1541636877637
1541636877717
1541636877760
1541636877884
1541636877965
1541636878046
1541636878127
1541636878170
1541636878212
1541636878294
1541636878375
1541636878456
1541636878502
1541636878540
1541636878618
1541636878703
1541636878785
1541636878828
1541636878869
1541636878947
1541636879033
1541636879114
1541636879157
1541636879198
1541636879277
1541636879358
1541636879444
1541636879486
1541636879527
1541636879606
1541636879687
1541636879772
1541636879817
1541636879935
1541636880016
1541636880102
1541636880182
1541636880225
1541636880267
1541636880345
1541636880427
1541636880513
1541636880554
1541636880595
1541636880674
1541636880755
1541636880836
1541636880879
1541636880924
1541636881002
1541636881083
1541636881164
1541636881208
1541636881248
1541636881330
1541636881414
1541636881492
1541636881536
1541636881577
1541636881655
1541636881736
1541636881821
1541636881864
1541636881904
1541636881983
1541636882064
1541636882145
1541636882192
1541636882232
1541636882312
1541636882392
1541636882473
1541636882516
1541636882557
1541636882636
1541636882721
1541636882802
1541636882846
1541636882886
1541636882965
1541636883050
1541636883131
1541636883174
1541636883214
1541636883336
1541636883420
1541636883502
1541636883545
1541636883585
1541636883668
1541636883749
1541636883831
1541636883874
1541636883915
1541636883998
1541636884079
1541636884160
1541636884203
1541636884244
1541636884322
1541636884407
1541636884488
1541636884532
1541636884573
1541636884652
1541636884736
1541636884818
1541636884900
1541636884943
1541636885021
1541636885106
1541636885188
1541636885231
1541636885271
1541636885350
1541636885431
1541636885517
1541636885560
1541636885600
1541636885679
1541636885760
1541636885842
1541636885884
1541636885924
1541636886002
1541636886088
1541636886169
1541636886212
1541636886252
1541636886331
1541636886412
1541636886498
1541636886537
1541636886581
1541636886659
1541636886741
1541636886822
1541636886866
1541636886906
1541636886988
1541636887069
1541636887151
1541636887194
1541636887234
1541636887313
1541636887400
1541636887478
1541636887522
1541636887562
1541636887641
1541636887722
1541636887804
1541636887851
1541636887891
1541636887971
1541636888050
1541636888132
1541636888175
1541636888215
1541636888294
1541636888379
1541636888460
1541636888503
1541636888544
1541636888622
1541636888704
1541636888790
1541636888833
1541636888873
1541636888952
1541636889072
1541636889154
1541636889201
1541636889242
1541636889320
1541636889402
1541636889483
1541636889526
1541636889571
1541636889649
1541636889731
1541636889812
1541636889898
1541636889940
1541636890058
1541636890140
1541636890221
1541636890264
1541636890308
1541636890387
1541636890469
1541636890550
1541636890593
1541636890633
1541636890712
1541636890792
1541636890878
1541636890921
1541636890961
1541636891039
1541636891121
1541636891206
1541636891249
1541636891289
1541636891367
1541636891449
1541636891530
1541636891576
1541636891614
1541636891696
1541636891777
1541636891858
1541636891902
1541636891942
1541636892021
1541636892101
1541636892186
1541636892230
1541636892270
1541636892349
1541636892430
1541636892511
1541636892554
1541636892595
1541636892677
1541636892758
1541636892839
1541636892882
1541636892922
1541636893001
1541636893086
1541636893168
1541636893211
1541636893251
1541636893329
1541636893412
1541636893491
1541636893534
1541636893580
1541636893657
1541636893739
1541636893819
1541636893863
1541636893903
1541636893986
1541636894067
1541636894148
1541636894191
1541636894232
1541636894311
1541636894391
1541636894472
1541636894516
1541636894559
1541636894639
1541636894719
1541636894801
1541636894923
1541636894971
1541636895049
1541636895130
1541636895211
1541636895254
1541636895295
1541636895378
1541636895459
1541636895541
1541636895583
1541636895624
1541636895707
1541636895788
1541636895870
1541636895912
1541636895955
1541636896032
1541636896117
1541636896198
1541636896241
1541636896282
1541636896361
1541636896446
1541636896527
1541636896570
1541636896611
1541636896736
1541636896816
1541636896897
1541636896941
1541636896982
1541636897061
1541636897146
1541636897227
1541636897270
1541636897310
1541636897393
1541636897475
1541636897557
1541636897599
1541636897640
1541636897723
1541636897804
1541636897885
1541636897929
1541636897970
1541636898089
1541636898174
1541636898256
1541636898298
1541636898339
1541636898418
1541636898503
1541636898586
1541636898627
1541636898668
1541636898746
1541636898829
1541636898912
1541636898956
1541636898996
1541636899075
1541636899157
1541636899241
1541636899285
1541636899325
1541636899404
1541636899486
1541636899572
1541636899614
1541636899655
1541636899733
1541636899815
1541636899896
1541636899940
1541636899984
1541636900063
1541636900143
1541636900225
1541636900267
1541636900312
1541636900392
1541636900473
1541636900553
1541636900597
1541636900642
1541636900720
1541636900802
1541636900883
1541636900926
1541636900966
1541636901051
1541636901130
1541636901212
1541636901254
1541636901295
1541636901379
1541636901460
1541636901543
1541636901584
1541636901624
1541636901703
1541636901788
1541636901870
1541636901912
1541636901953
1541636902031
1541636902116
1541636902198
1541636902241
1541636902282
1541636902361
1541636902441
1541636902523
1541636902571
1541636902611
1541636902690
1541636902770
1541636902851
1541636902899
1541636902939
1541636903018
1541636903100
1541636903182
1541636903228
1541636903269
1541636903388
1541636903468
1541636903549
1541636903596
1541636903637
1541636903716
1541636903797
1541636903878
1541636903922
1541636903962
1541636904045
1541636904126
1541636904208
1541636904252
1541636904295
1541636904374
1541636904456
1541636904537
1541636904580
1541636904620
1541636904706
1541636904784
1541636904865
1541636904908
1541636904948
1541636905028
1541636905109
1541636905194
1541636905237
1541636905277
1541636905356
1541636905438
1541636905519
1541636905687
1541636905728
1541636905807
1541636905893
1541636905973
1541636906017
1541636906057
1541636906136
1541636906217
1541636906303
1541636906345
1541636906387
1541636906465
1541636906546
1541636906628
1541636906671
1541636906712
1541636906790
1541636906874
1541636906955
1541636906998
1541636907039
1541636907122
1541636907203
1541636907285
1541636907329
1541636907368
1541636907447
1541636907532
1541636907613
1541636907656
1541636907696
1541636907776
1541636907862
1541636907943
1541636907985
1541636908026
1541636908105
1541636908190
1541636908271
1541636908315
1541636908356
1541636908434
1541636908519
1541636908601
1541636908644
1541636908685
1541636908764
1541636908845
1541636908929
1541636908972
1541636909013
1541636909093
1541636909173
1541636909255
1541636909302
1541636909342
1541636909421
1541636909503
1541636909587
1541636909626
1541636909670
1541636909750
1541636909831
1541636909913
1541636909956
1541636909997
1541636910119
1541636910200
1541636910282
1541636910324
1541636910365
1541636910443
1541636910535
1541636910610
1541636910653
1541636910693
1541636910772
1541636910857
1541636910938
1541636910982
1541636911023
1541636911102
1541636911186
1541636911268
1541636911311
1541636911351
1541636911430
1541636911511
1541636911596
1541636911639
1541636911680
1541636911759
1541636911840
1541636911921
1541636911968
1541636912008
1541636912087
1541636912167
1541636912249
1541636912292
1541636912332
1541636912411
1541636912492
1541636912577
1541636912621
1541636912661
1541636912739
1541636912820
1541636912903
1541636912948
1541636912988
1541636913068
1541636913148
1541636913229
1541636913272
1541636913313
1541636913391
1541636913477
1541636913558
1541636913601
1541636913641
1541636913719
1541636913801
1541636913886
1541636913925
1541636913969
1541636914048
1541636914129
1541636914209
1541636914252
1541636914293
1541636914376
1541636914457
1541636914539
1541636914621
1541636914662
1541636914740
1541636914826
1541636914907
1541636914949
1541636914990
1541636915068
1541636915150
1541636915231
1541636915274
1541636915318
1541636915397
1541636915477
1541636915559
1541636915602
1541636915643
1541636915721
1541636915806
1541636915887
1541636915930
1541636915970
1541636916050
1541636916130
1541636916211
1541636916260
1541636916298
1541636916378
1541636916458
1541636916539
1541636916582
1541636916623
1541636916742
1541636916829
1541636916910
1541636916952
1541636916992
1541636917071
1541636917152
1541636917233
1541636917280
1541636917320
1541636917399
1541636917481
1541636917561
1541636917604
1541636917645
1541636917727
1541636917809
1541636917890
1541636917933
1541636917973
1541636918083
1541636918177
1541636918258
1541636918301
1541636918341
1541636918420
1541636918502
1541636918582
1541636918625
1541636918670
1541636918748
1541636918829
1541636918911
1541636918953
1541636918993
1541636919073
1541636919158
1541636919239
1541636919281
1541636919322
1541636919401
1541636919483
1541636919567
1541636919610
1541636919651
1541636919729
1541636919810
1541636919932
1541636919975
1541636920020
1541636920099
1541636920179
1541636920260
1541636920303
1541636920343
1541636920422
1541636920547
1541636920631
1541636920672
1541636920712
1541636920792
1541636920871
1541636920953
1541636921000
1541636921040
1541636921119
1541636921199
1541636921280
1541636921323
1541636921368
1541636921446
1541636921528
1541636921609
1541636921652
1541636921692
1541636921775
1541636921856
1541636921937
1541636921980
1541636922024
1541636922103
1541636922185
1541636922266
1541636922309
1541636922349
1541636922432
1541636922513
1541636922593
1541636922637
1541636922677
1541636922756
1541636922837
1541636922922
1541636922965
1541636923005
1541636923084
1541636923164
1541636923245
1541636923290
1541636923329
1541636923452
1541636923533
1541636923615
1541636923657
1541636923697
1541636923775
1541636923861
1541636923942
1541636923985
1541636924026
1541636924104
1541636924185
1541636924270
1541636924313
1541636924353
1541636924432
1541636924513
1541636924594
1541636924637
1541636924679
1541636924756
1541636924841
1541636924922
1541636924966
1541636925006
1541636925084
1541636925165
1541636925250
1541636925293
1541636925372
1541636925453
1541636925534
1541636925615
1541636925658
1541636925698
1541636925786
1541636925862
1541636925944
1541636925986
1541636926027
1541636926106
1541636926186
1541636926271
1541636926317
1541636926355
1541636926433
1541636926515
1541636926596
1541636926638
1541636926683
1541636926762
1541636926843
1541636926924
1541636926968
1541636927007
1541636927090
1541636927172
1541636927253
1541636927295
1541636927343
1541636927419
1541636927502
1541636927582
1541636927625
1541636927665
1541636927749
1541636927830
1541636927910
1541636927954
1541636927993
1541636928072
1541636928158
1541636928240
1541636928283
1541636928323
1541636928401
1541636928482
1541636928568
1541636928611
1541636928651
1541636928730
1541636928812
1541636928893
1541636928940
1541636928981
1541636929059
1541636929143
1541636929221
1541636929266
1541636929309
1541636929388
1541636929470
1541636929551
1541636929594
1541636929634
1541636929717
1541636929799
1541636929920
1541636929963
1541636930004
1541636930127
1541636930208
1541636930289
1541636930333
1541636930373
1541636930452
1541636930532
1541636930618
1541636930661
1541636930702
1541636930782
1541636930862
1541636930946
1541636930990
1541636931030
1541636931108
1541636931189
1541636931270
1541636931313
1541636931353
1541636931433
1541636931518
1541636931598
1541636931641
1541636931682
1541636931761
1541636931846
1541636931927
1541636932008
1541636932051
1541636932131
1541636932216
1541636932297
1541636932340
1541636932380
1541636932459
1541636932541
1541636932625
1541636932669
1541636932709
1541636932788
1541636932869
1541636932950
1541636933035
1541636933079
1541636933157
1541636933239
1541636933320
1541636933363
1541636933402
1541636933486
1541636933608
1541636933689
1541636933732
1541636933773
1541636933851
1541636933936
1541636934019
1541636934061
1541636934101
1541636934180
1541636934265
1541636934347
1541636934390
1541636934431
1541636934509
1541636934591
1541636934671
1541636934719
1541636934759
1541636934838
1541636934920
1541636935004
1541636935048
1541636935088
1541636935167
1541636935248
1541636935329
1541636935373
1541636935417
1541636935496
1541636935577
1541636935658
1541636935701
1541636935741
1541636935824
1541636935906
1541636935987
1541636936030
1541636936074
1541636936153
1541636936234
1541636936315
1541636936362
1541636936402
1541636936482
1541636936563
1541636936644
1541636936691
1541636936732
1541636936853
1541636936934
1541636937018
1541636937061
1541636937102
1541636937182
1541636937263
1541636937343
1541636937391
1541636937432
1541636937510
1541636937591
1541636937672
1541636937720
1541636937803
1541636937880
1541636937960
1541636938041
1541636938085
1541636938130
1541636938209
1541636938290
1541636938370
1541636938414
1541636938455
1541636938538
1541636938618
1541636938699
1541636938743
1541636938783
1541636938866
1541636938948
1541636939029
1541636939072
1541636939113
1541636939191
1541636939276
1541636939357
1541636939400
1541636939441
1541636939519
1541636939604
1541636939686
1541636939729
1541636939770
1541636939851
1541636939986
1541636940067
1541636940110
1541636940150
1541636940229
1541636940315
1541636940396
1541636940439
1541636940479
1541636940558
1541636940639
1541636940970
1541636941010
1541636941051
1541636941130
1541636941215
1541636941295
1541636941339
1541636941379
1541636941458
1541636941540
1541636941620
1541636941663
1541636941704
1541636941786
1541636941867
1541636941947
1541636941991
1541636942032
1541636942114
1541636942195
1541636942276
1541636942319
1541636942359
1541636942438
1541636942519
1541636942604
1541636942647
1541636942687
1541636942768
1541636942847
1541636942928
1541636942971
1541636943011
1541636943094
1541636943176
1541636943257
1541636943299
1541636943339
1541636943419
1541636943504
1541636943580
1541636943627
1541636943669
1541636943786
1541636943868
1541636943949
1541636943991
1541636944032
1541636944115
1541636944195
1541636944276
1541636944320
1541636944360
1541636944439
1541636944520
1541636944604
1541636944648
1541636944689
1541636944767
1541636944848
1541636944929
1541636944972
1541636945016
1541636945095
1541636945175
1541636945257
1541636945300
1541636945340
1541636945419
1541636945505
1541636945585
1541636945628
1541636945669
1541636945748
1541636945829
1541636945910
1541636945953
1541636945997
1541636946076
1541636946157
1541636946238
1541636946281
1541636946326
1541636946405
1541636946486
1541636946567
1541636946614
1541636946655
1541636946733
1541636946814
1541636946895
1541636946942
1541636946978
1541636947061
1541636947143
1541636947224
1541636947266
1541636947307
1541636947392
1541636947471
1541636947551
1541636947594
1541636947635
1541636947714
1541636947795
1541636947880
1541636947923
1541636947964
1541636948042
1541636948123
1541636948205
1541636948248
1541636948288
1541636948370
1541636948452
1541636948532
1541636948575
1541636948616
1541636948696
1541636948776
1541636948861
1541636948904
1541636948944
1541636949022
1541636949104
1541636949185
1541636949228
1541636949272
1541636949351
1541636949432
1541636949513
1541636949556
1541636949596
1541636949676
1541636949760
1541636949841
1541636949884
1541636949925
1541636950004
1541636950089
1541636950170
1541636950213
1541636950253
1541636950373
