1543521084832
1543521084863
1543521084890
1543521084923
1543521084952
1543521084980
1543521085025
1543521085056
1543521085085
1543521085113
1543521085145
1543521085174
1543521085198
1543521085227
1543521085256
1543521085287
1543521085318
1543521085342
1543521085372
1543521085405
1543521085435
1543521085460
1543521085483
1543521085510
1543521085538
1543521085582
1543521085615
1543521085643
1543521085669
1543521085699
1543521085725
1543521085748
1543521085772
1543521085799
1543521085826
1543521085858
1543521085888
1543521085912
1543521085938
1543521085967
1543521085996
1543521086028
1543521086056
1543521086081
1543521086108
1543521086143
1543521086179
1543521086218
1543521086248
1543521086278
1543521086309
1543521086337
1543521086364
1543521086391
1543521086423
1543521086459
1543521086496
1543521086522
1543521086548
1543521086587
1543521086620
1543521086653
1543521086681
1543521086706
1543521086738
1543521086769
1543521086809
1543521086837
1543521086857
1543521086888
1543521086922
1543521086956
1543521086978
1543521087002
1543521087032
1543521087062
1543521087094
1543521087120
1543521087145
1543521087177
1543521087209
1543521087238
1543521087260
1543521087284
1543521087314
1543521087339
1543521087370
1543521087393
1543521087415
1543521087455
1543521087490
1543521087519
1543521087544
1543521087570
1543521087596
1543521087626
1543521087657
1543521087678
1543521087704
1543521087739
1543521087767
1543521087799
1543521087822
1543521087846
1543521087875
1543521087907
1543521087939
1543521087965
1543521087992
1543521088022
1543521088054
1543521088083
1543521088108
1543521088134
1543521088166
1543521088196
1543521088227
1543521088254
1543521088279
1543521088309
1543521088340
1543521088372
1543521088395
1543521088422
1543521088452
1543521088481
1543521088512
1543521088536
1543521088560
1543521088588
1543521088619
1543521088651
1543521088679
1543521088701
1543521088737
1543521088773
1543521088812
1543521088836
1543521088860
1543521088891
1543521088922
1543521088955
1543521088979
1543521089009
1543521089039
1543521089070
1543521089102
1543521089127
1543521089155
1543521089197
1543521089227
1543521089255
1543521089283
1543521089309
1543521089340
1543521089371
1543521089406
1543521089432
1543521089458
1543521089495
1543521089524
1543521089555
1543521089582
1543521089606
1543521089632
1543521089660
1543521089685
1543521089714
1543521089741
1543521089767
1543521089794
1543521089828
1543521089853
1543521089877
1543521089907
1543521089941
1543521089973
1543521089997
1543521090018
1543521090052
1543521090080
1543521090110
1543521090139
1543521090164
1543521090194
1543521090225
1543521090253
1543521090278
1543521090306
1543521090340
1543521090373
1543521090401
1543521090423
1543521090449
1543521090474
1543521090502
1543521090531
1543521090557
1543521090586
1543521090616
1543521090646
1543521090683
1543521090708
1543521090733
1543521090762
1543521090792
1543521090819
1543521090848
1543521090875
1543521090909
1543521090941
1543521090974
1543521091002
1543521091027
1543521091055
1543521091091
1543521091121
1543521091146
1543521091174
1543521091200
1543521091226
1543521091260
1543521091285
1543521091309
1543521091336
1543521091367
1543521091394
1543521091422
1543521091444
1543521091474
1543521091508
1543521091536
1543521091562
1543521091586
1543521091617
1543521091648
1543521091679
1543521091706
1543521091728
1543521091757
1543521091787
1543521091817
1543521091843
1543521091866
1543521091895
1543521091928
1543521091960
1543521091987
1543521092015
1543521092050
1543521092085
1543521092116
1543521092138
1543521092167
1543521092199
1543521092230
1543521092263
1543521092294
1543521092322
1543521092351
1543521092376
1543521092403
1543521092430
1543521092453
1543521092487
1543521092516
1543521092543
1543521092571
1543521092604
1543521092632
1543521092665
1543521092693
1543521092715
1543521092739
1543521092767
1543521092799
1543521092828
1543521092855
1543521092877
1543521092910
1543521092945
1543521092976
1543521093001
1543521093029
1543521093059
1543521093093
1543521093125
1543521093152
1543521093180
1543521093215
1543521093254
1543521093284
1543521093311
1543521093336
1543521093371
1543521093403
1543521093436
1543521093461
1543521093488
1543521093518
1543521093547
1543521093579
1543521093607
1543521093634
1543521093667
1543521093699
1543521093730
1543521093754
1543521093778
1543521093807
1543521093835
1543521093866
1543521093893
1543521093920
1543521093950
1543521093982
1543521094013
1543521094036
1543521094064
1543521094097
1543521094126
1543521094155
1543521094180
1543521094205
1543521094233
1543521094264
1543521094298
1543521094323
1543521094347
1543521094376
1543521094406
1543521094434
1543521094456
1543521094481
1543521094513
1543521094554
1543521094584
1543521094611
1543521094637
1543521094668
1543521094698
1543521094727
1543521094753
1543521094776
1543521094806
1543521094836
1543521094866
1543521094888
1543521094917
1543521094947
1543521094978
1543521095011
1543521095038
1543521095062
1543521095092
1543521095121
1543521095153
1543521095178
1543521095207
1543521095239
1543521095272
1543521095302
1543521095329
1543521095353
1543521095387
1543521095425
1543521095455
1543521095482
1543521095507
1543521095540
1543521095573
1543521095603
1543521095626
1543521095649
1543521095685
1543521095717
1543521095746
1543521095770
1543521095793
1543521095824
1543521095854
1543521095888
1543521095911
1543521095939
1543521095966
1543521095996
1543521096025
1543521096050
1543521096071
1543521096100
1543521096129
1543521096158
1543521096185
1543521096209
1543521096240
1543521096271
1543521096307
1543521096334
1543521096360
1543521096392
1543521096426
1543521096460
1543521096484
1543521096510
1543521096540
1543521096572
1543521096604
1543521096630
1543521096658
1543521096697
1543521096738
1543521096771
1543521096798
1543521096825
1543521096856
1543521096891
1543521096925
1543521096950
1543521096978
1543521097011
1543521097038
1543521097068
1543521097094
1543521097129
1543521097162
1543521097194
1543521097227
1543521097255
1543521097278
1543521097306
1543521097331
1543521097361
1543521097384
1543521097408
1543521097435
1543521097463
1543521097493
1543521097518
1543521097546
1543521097576
1543521097607
1543521097641
1543521097666
1543521097694
1543521097724
1543521097752
1543521097782
1543521097807
1543521097830
1543521097854
1543521097887
1543521097914
1543521097936
1543521097960
1543521097987
1543521098016
1543521098044
1543521098071
1543521098096
1543521098127
1543521098162
1543521098198
1543521098221
1543521098243
1543521098281
1543521098310
1543521098342
1543521098370
1543521098399
1543521098427
1543521098456
1543521098488
1543521098512
1543521098540
1543521098565
1543521098594
1543521098621
1543521098647
1543521098671
1543521098701
1543521098734
1543521098766
1543521098787
1543521098811
1543521098841
1543521098867
1543521098896
1543521098920
1543521098948
1543521098977
1543521099012
1543521099044
1543521099069
1543521099092
1543521099125
1543521099156
1543521099192
1543521099219
1543521099247
1543521099275
1543521099310
1543521099341
1543521099368
1543521099396
1543521099429
1543521099464
1543521099495
1543521099518
1543521099543
1543521099575
1543521099603
1543521099629
1543521099654
1543521099678
1543521099706
1543521099734
1543521099762
1543521099792
1543521099816
1543521099848
1543521099876
1543521099907
1543521099932
1543521099958
1543521099991
1543521100019
1543521100053
1543521100078
1543521100102
1543521100132
1543521100165
1543521100197
1543521100222
1543521100249
1543521100280
1543521100310
1543521100344
1543521100371
1543521100398
1543521100425
1543521100457
1543521100486
1543521100510
1543521100537
1543521100573
1543521100608
1543521100635
1543521100657
1543521100684
1543521100714
1543521084830
1543521084863
1543521084894
1543521084925
1543521084960
1543521084993
1543521085025
1543521085056
1543521085079
1543521085107
1543521085141
1543521085168
1543521085195
1543521085219
1543521085247
1543521085274
1543521085302
1543521085324
1543521085350
1543521085382
1543521085411
1543521085444
1543521085471
1543521085503
1543521085535
1543521085575
1543521085601
1543521085623
1543521085651
1543521085680
1543521085711
1543521085742
1543521085768
1543521085793
1543521085820
1543521085852
1543521085883
1543521085906
1543521085930
1543521085960
1543521085994
1543521086025
1543521086048
1543521086073
1543521086102
1543521086132
1543521086169
1543521086190
1543521086220
1543521086252
1543521086285
1543521086318
1543521086345
1543521086370
1543521086400
1543521086428
1543521086458
1543521086481
1543521086505
1543521086534
1543521086561
1543521086588
1543521086615
1543521086639
1543521086670
1543521086696
1543521086727
1543521086751
1543521086777
1543521086820
1543521086853
1543521086890
1543521086920
1543521086945
1543521086974
1543521087002
1543521087031
1543521087058
1543521087081
1543521087111
1543521087142
1543521087176
1543521087199
1543521087222
1543521087257
1543521087291
1543521087321
1543521087348
1543521087373
1543521087400
1543521087431
1543521087464
1543521087492
1543521087520
1543521087549
1543521087580
1543521087613
1543521087640
1543521087664
1543521087696
1543521087728
1543521087761
1543521087787
1543521087809
1543521087843
1543521087875
1543521087905
1543521087933
1543521087958
1543521087988
1543521088022
1543521088057
1543521088080
1543521088103
1543521088134
1543521088163
1543521088192
1543521088216
1543521088242
1543521088272
1543521088304
1543521088338
1543521088366
1543521088390
1543521088420
1543521088452
1543521088483
1543521088507
1543521088529
1543521088560
1543521088590
1543521088621
1543521088645
1543521088670
1543521088702
1543521088738
1543521088771
1543521088804
1543521088831
1543521088860
1543521088891
1543521088921
1543521088951
1543521088978
1543521089006
1543521089037
1543521089068
1543521089097
1543521089121
1543521089154
1543521089196
1543521089225
1543521089250
1543521089278
1543521089307
1543521089340
1543521089369
1543521089401
1543521089426
1543521089458
1543521089492
1543521089529
1543521089556
1543521089581
1543521089612
1543521089644
1543521089673
1543521089705
1543521089733
1543521089762
1543521089794
1543521089825
1543521089848
1543521089871
1543521089900
1543521089930
1543521089955
1543521089975
1543521090001
1543521090032
1543521090063
1543521090095
1543521090119
1543521090145
1543521090173
1543521090204
1543521090237
1543521090261
1543521090284
1543521090312
1543521090345
1543521090381
1543521090409
1543521090435
1543521090465
1543521090498
1543521090531
1543521090557
1543521090580
1543521090609
1543521090641
1543521090670
1543521090694
1543521090719
1543521090760
1543521090789
1543521090819
1543521090842
1543521090870
1543521090909
1543521090939
1543521090974
1543521091003
1543521091026
1543521091057
1543521091089
1543521091119
1543521091144
1543521091166
1543521091196
1543521091226
1543521091258
1543521091285
1543521091309
1543521091340
1543521091377
1543521091410
1543521091438
1543521091462
1543521091490
1543521091520
1543521091551
1543521091573
1543521091602
1543521091635
1543521091664
1543521091697
1543521091723
1543521091746
1543521091774
1543521091803
1543521091833
1543521091859
1543521091886
1543521091913
1543521091938
1543521091969
1543521091993
1543521092020
1543521092053
1543521092085
1543521092114
1543521092140
1543521092167
1543521092203
1543521092241
1543521092272
1543521092295
1543521092322
1543521092349
1543521092379
1543521092408
1543521092430
1543521092456
1543521092487
1543521092515
1543521092545
1543521092571
1543521092603
1543521092635
1543521092664
1543521092695
1543521092723
1543521092746
1543521092776
1543521092808
1543521092837
1543521092860
1543521092884
1543521092912
1543521092945
1543521092976
1543521093000
1543521093028
1543521093058
1543521093087
1543521093116
1543521093138
1543521093166
1543521093196
1543521093228
1543521093255
1543521093279
1543521093307
1543521093339
1543521093374
1543521093403
1543521093430
1543521093457
1543521093490
1543521093524
1543521093555
1543521093580
1543521093608
1543521093642
1543521093673
1543521093706
1543521093730
1543521093754
1543521093782
1543521093812
1543521093842
1543521093867
1543521093893
1543521093925
1543521093959
1543521093990
1543521094013
1543521094037
1543521094064
1543521094095
1543521094123
1543521094150
1543521094174
1543521094204
1543521094231
1543521094262
1543521094283
1543521094312
1543521094339
1543521094367
1543521094395
1543521094424
1543521094447
1543521094481
1543521094513
1543521094545
1543521094572
1543521094598
1543521094629
1543521094663
1543521094693
1543521094717
1543521094740
1543521094771
1543521094798
1543521094833
1543521094856
1543521094881
1543521094916
1543521094949
1543521094976
1543521094996
1543521095022
1543521095048
1543521095078
1543521095110
1543521095137
1543521095175
1543521095205
1543521095239
1543521095272
1543521095298
1543521095323
1543521095356
1543521095387
1543521095417
1543521095446
1543521095474
1543521095506
1543521095543
1543521095573
1543521095598
1543521095626
1543521095656
1543521095692
1543521095720
1543521095747
1543521095775
1543521095810
1543521095844
1543521095878
1543521095907
1543521095930
1543521095960
1543521095989
1543521096014
1543521096043
1543521096067
1543521096096
1543521096122
1543521096155
1543521096184
1543521096208
1543521096238
1543521096271
1543521096307
1543521096334
1543521096360
1543521096392
1543521096425
1543521096460
1543521096484
1543521096508
1543521096541
1543521096569
1543521096595
1543521096623
1543521096644
1543521096677
1543521096704
1543521096735
1543521096762
1543521096786
1543521096817
1543521096848
1543521096887
1543521096913
1543521096939
1543521096971
1543521097004
1543521097033
1543521097059
1543521097085
1543521097115
1543521097147
1543521097174
1543521097203
1543521097230
1543521097262
1543521097294
1543521097325
1543521097352
1543521097379
1543521097407
1543521097437
1543521097468
1543521097494
1543521097519
1543521097549
1543521097580
1543521097610
1543521097635
1543521097659
1543521097690
1543521097725
1543521097766
1543521097788
1543521097812
1543521097839
1543521097868
1543521097897
1543521097925
1543521097948
1543521097977
1543521098008
1543521098038
1543521098067
1543521098096
1543521098131
1543521098163
1543521098193
1543521098221
1543521098244
1543521098281
1543521098313
1543521098342
1543521098370
1543521098405
1543521098436
1543521098468
1543521098501
1543521098525
1543521098550
1543521098579
1543521098614
1543521098646
1543521098671
1543521098693
1543521098717
1543521098746
1543521098775
1543521098799
1543521098824
1543521098857
1543521098896
1543521098924
1543521098948
1543521098972
1543521099004
1543521099035
1543521099066
1543521099092
1543521099120
1543521099156
1543521099188
1543521099223
1543521099248
1543521099270
1543521099300
1543521099333
1543521099360
1543521099381
1543521099406
1543521099432
1543521099463
1543521099492
1543521099518
1543521099545
1543521099575
1543521099605
1543521099637
1543521099661
1543521099695
1543521099723
1543521099757
1543521099792
1543521099814
1543521099844
1543521099872
1543521099900
1543521099931
1543521099958
1543521099985
1543521100012
1543521100044
1543521100078
1543521100102
1543521100129
1543521100159
1543521100193
1543521100223
1543521100249
1543521100275
1543521100307
1543521100348
1543521100387
1543521100412
1543521100435
1543521100463
1543521100495
1543521100537
1543521100561
1543521100586
1543521100615
1543521100645
1543521100677
1543521100704
1543521100728
1543521100756
1543521084835
1543521084869
1543521084898
1543521084926
1543521084962
1543521084993
1543521085025
1543521085056
1543521085088
1543521085125
1543521085158
1543521085182
1543521085208
1543521085232
1543521085263
1543521085294
1543521085322
1543521085351
1543521085378
1543521085411
1543521085445
1543521085476
1543521085504
1543521085529
1543521085560
1543521085591
1543521085625
1543521085651
1543521085677
1543521085705
1543521085736
1543521085771
1543521085799
1543521085823
1543521085850
1543521085881
1543521085910
1543521085938
1543521085960
1543521085993
1543521086025
1543521086059
1543521086086
1543521086110
1543521086143
1543521086178
1543521086210
1543521086234
1543521086258
1543521086289
1543521086323
1543521086364
1543521086391
1543521086423
1543521086462
1543521086496
1543521086530
1543521086552
1543521086578
1543521086616
1543521086651
1543521086684
1543521086712
1543521086738
1543521086772
1543521086809
1543521086844
1543521086870
1543521086896
1543521086929
1543521086962
1543521086998
1543521087021
1543521087044
1543521087073
1543521087104
1543521087137
1543521087163
1543521087192
1543521087225
1543521087257
1543521087289
1543521087317
1543521087343
1543521087379
1543521087409
1543521087438
1543521087464
1543521087492
1543521087526
1543521087554
1543521087586
1543521087611
1543521087635
1543521087662
1543521087694
1543521087728
1543521087751
1543521087774
1543521087802
1543521087833
1543521087859
1543521087887
1543521087914
1543521087944
1543521087973
1543521088010
1543521088039
1543521088063
1543521088092
1543521088120
1543521088153
1543521088174
1543521088197
1543521088229
1543521088258
1543521088289
1543521088317
1543521088341
1543521088372
1543521088402
1543521088430
1543521088455
1543521088484
1543521088510
1543521088542
1543521088569
1543521088596
1543521088620
1543521088654
1543521088691
1543521088724
1543521088753
1543521088780
1543521088814
1543521088841
1543521088869
1543521088895
1543521088922
1543521088954
1543521088984
1543521089016
1543521089040
1543521089068
1543521089101
1543521089131
1543521089161
1543521089190
1543521089222
1543521089255
1543521089286
1543521089319
1543521089344
1543521089375
1543521089410
1543521089441
1543521089465
1543521089490
1543521089513
1543521089539
1543521089565
1543521089599
1543521089623
1543521089653
1543521089682
1543521089711
1543521089741
1543521089763
1543521089787
1543521089820
1543521089856
1543521089890
1543521089916
1543521089943
1543521089980
1543521090010
1543521090056
1543521090083
1543521090108
1543521090137
1543521090171
1543521090204
1543521090229
1543521090255
1543521090282
1543521090314
1543521090345
1543521090379
1543521090409
1543521090439
1543521090471
1543521090502
1543521090528
1543521090557
1543521090588
1543521090620
1543521090650
1543521090683
1543521090719
1543521090752
1543521090783
1543521090814
1543521090842
1543521090870
1543521090909
1543521090941
1543521090974
1543521091002
1543521091026
1543521091056
1543521091089
1543521091119
1543521091144
1543521091167
1543521091196
1543521091224
1543521091249
1543521091273
1543521091296
1543521091333
1543521091365
1543521091396
1543521091422
1543521091445
1543521091474
1543521091507
1543521091535
1543521091562
1543521091586
1543521091617
1543521091647
1543521091679
1543521091704
1543521091728
1543521091756
1543521091786
1543521091815
1543521091844
1543521091865
1543521091892
1543521091928
1543521091966
1543521091993
1543521092018
1543521092050
1543521092085
1543521092116
1543521092140
1543521092167
1543521092201
1543521092231
1543521092261
1543521092283
1543521092306
1543521092337
1543521092366
1543521092399
1543521092426
1543521092450
1543521092477
1543521092509
1543521092537
1543521092557
1543521092584
1543521092614
1543521092641
1543521092669
1543521092699
1543521092727
1543521092755
1543521092783
1543521092809
1543521092837
1543521092861
1543521092888
1543521092917
1543521092947
1543521092976
1543521093000
1543521093036
1543521093062
1543521093093
1543521093120
1543521093148
1543521093185
1543521093215
1543521093254
1543521093281
1543521093308
1543521093341
1543521093371
1543521093403
1543521093430
1543521093463
1543521093491
1543521093522
1543521093553
1543521093580
1543521093607
1543521093640
1543521093672
1543521093704
1543521093731
1543521093754
1543521093780
1543521093810
1543521093843
1543521093868
1543521093892
1543521093923
1543521093959
1543521093992
1543521094018
1543521094042
1543521094072
1543521094100
1543521094129
1543521094155
1543521094180
1543521094207
1543521094239
1543521094270
1543521094299
1543521094323
1543521094352
1543521094384
1543521094416
1543521094444
1543521094473
1543521094502
1543521094533
1543521094564
1543521094591
1543521094621
1543521094648
1543521094680
1543521094712
1543521094735
1543521094760
1543521094786
1543521094817
1543521094847
1543521094867
1543521094895
1543521094933
1543521094967
1543521094996
1543521095022
1543521095045
1543521095073
1543521095103
1543521095136
1543521095174
1543521095199
1543521095232
1543521095263
1543521095290
1543521095311
1543521095336
1543521095363
1543521095391
1543521095424
1543521095451
1543521095474
1543521095506
1543521095543
1543521095574
1543521095598
1543521095620
1543521095654
1543521095685
1543521095716
1543521095744
1543521095770
1543521095815
1543521095847
1543521095873
1543521095902
1543521095927
1543521095954
1543521095987
1543521096015
1543521096043
1543521096067
1543521096096
1543521096126
1543521096153
1543521096178
1543521096202
1543521096232
1543521096260
1543521096290
1543521096313
1543521096340
1543521096370
1543521096404
1543521096436
1543521096460
1543521096484
1543521096515
1543521096545
1543521096575
1543521096601
1543521096628
1543521096660
1543521096699
1543521096738
1543521096767
1543521096791
1543521096825
1543521096856
1543521096888
1543521096914
1543521096939
1543521096969
1543521096996
1543521097027
1543521097052
1543521097079
1543521097108
1543521097140
1543521097170
1543521097200
1543521097230
1543521097258
1543521097290
1543521097321
1543521097346
1543521097370
1543521097399
1543521097431
1543521097463
1543521097493
1543521097519
1543521097551
1543521097579
1543521097605
1543521097629
1543521097653
1543521097682
1543521097714
1543521097746
1543521097770
1543521097794
1543521097824
1543521097848
1543521097878
1543521097905
1543521097930
1543521097957
1543521097980
1543521098013
1543521098041
1543521098064
1543521098095
1543521098124
1543521098153
1543521098180
1543521098210
1543521098235
1543521098266
1543521098293
1543521098315
1543521098339
1543521098365
1543521098393
1543521098419
1543521098441
1543521098470
1543521098501
1543521098534
1543521098561
1543521098589
1543521098611
1543521098643
1543521098678
1543521098712
1543521098741
1543521098769
1543521098801
1543521098832
1543521098863
1543521098888
1543521098914
1543521098944
1543521098970
1543521098997
1543521099019
1543521099044
1543521099074
1543521099104
1543521099137
1543521099160
1543521099189
1543521099226
1543521099259
1543521099286
1543521099310
1543521099335
1543521099365
1543521099390
1543521099422
1543521099446
1543521099470
1543521099498
1543521099530
1543521099561
1543521099586
1543521099610
1543521099637
1543521099666
1543521099699
1543521099724
1543521099754
1543521099782
1543521099814
1543521099850
1543521099872
1543521099896
1543521099926
1543521099953
1543521099981
1543521100003
1543521100026
1543521100056
1543521100084
1543521100110
1543521100134
1543521100162
1543521100191
1543521100220
1543521100253
1543521100280
1543521100306
1543521100335
1543521100367
1543521100393
1543521100418
1543521100447
1543521100477
1543521100508
1543521100542
1543521100567
1543521100589
1543521100620
1543521100653
1543521100692
1543521100718
1543521100740
1543521100769
1543521084842
1543521084873
1543521084895
1543521084927
1543521084961
1543521085029
1543521085059
1543521085085
1543521085109
1543521085139
1543521085168
1543521085199
1543521085225
1543521085250
1543521085280
1543521085309
1543521085341
1543521085372
1543521085394
1543521085426
1543521085451
1543521085479
1543521085505
1543521085530
1543521085561
1543521085592
1543521085623
1543521085651
1543521085682
1543521085713
1543521085744
1543521085775
1543521085805
1543521085829
1543521085856
1543521085888
1543521085915
1543521085944
1543521085971
1543521086001
1543521086028
1543521086059
1543521086088
1543521086118
1543521086154
1543521086186
1543521086221
1543521086248
1543521086274
1543521086301
1543521086330
1543521086370
1543521086397
1543521086425
1543521086459
1543521086492
1543521086522
1543521086547
1543521086578
1543521086616
1543521086653
1543521086685
1543521086710
1543521086738
1543521086771
1543521086808
1543521086841
1543521086866
1543521086888
1543521086920
1543521086956
1543521086987
1543521087010
1543521087036
1543521087066
1543521087101
1543521087130
1543521087159
1543521087182
1543521087210
1543521087241
1543521087271
1543521087292
1543521087317
1543521087346
1543521087379
1543521087410
1543521087434
1543521087459
1543521087493
1543521087525
1543521087556
1543521087580
1543521087607
1543521087638
1543521087668
1543521087704
1543521087732
1543521087757
1543521087783
1543521087822
1543521087859
1543521087887
1543521087914
1543521087944
1543521087975
1543521088011
1543521088039
1543521088063
1543521088100
1543521088130
1543521088161
1543521088186
1543521088210
1543521088242
1543521088270
1543521088304
1543521088331
1543521088354
1543521088382
1543521088415
1543521088445
1543521088471
1543521088494
1543521088520
1543521088552
1543521088581
1543521088609
1543521088633
1543521088664
1543521088696
1543521088739
1543521088769
1543521088802
1543521088834
1543521088864
1543521088894
1543521088926
1543521088951
1543521088984
1543521089018
1543521089049
1543521089076
1543521089101
1543521089133
1543521089162
1543521089196
1543521089222
1543521089250
1543521089282
1543521089314
1543521089341
1543521089366
1543521089391
1543521089422
1543521089450
1543521089479
1543521089502
1543521089529
1543521089561
1543521089592
1543521089624
1543521089650
1543521089677
1543521089716
1543521089746
1543521089772
1543521089801
1543521089825
1543521089856
1543521089887
1543521089916
1543521089943
1543521089971
1543521090006
1543521090034
1543521090061
1543521090089
1543521090113
1543521090144
1543521090175
1543521090204
1543521090229
1543521090255
1543521090286
1543521090321
1543521090350
1543521090374
1543521090401
1543521090433
1543521090466
1543521090498
1543521090522
1543521090544
1543521090572
1543521090603
1543521090629
1543521090655
1543521090685
1543521090718
1543521090752
1543521090783
1543521090810
1543521090835
1543521090872
1543521090909
1543521090941
1543521090969
1543521090996
1543521091023
1543521091059
1543521091089
1543521091116
1543521091137
1543521091166
1543521091195
1543521091226
1543521091254
1543521091277
1543521091304
1543521091340
1543521091372
1543521091398
1543521091422
1543521091456
1543521091487
1543521091520
1543521091547
1543521091577
1543521091610
1543521091640
1543521091670
1543521091698
1543521091721
1543521091749
1543521091779
1543521091812
1543521091837
1543521091859
1543521091890
1543521091923
1543521091952
1543521091975
1543521092000
1543521092026
1543521092053
1543521092084
1543521092111
1543521092133
1543521092163
1543521092191
1543521092222
1543521092248
1543521092273
1543521092304
1543521092335
1543521092367
1543521092396
1543521092425
1543521092453
1543521092485
1543521092516
1543521092541
1543521092564
1543521092601
1543521092626
1543521092658
1543521092685
1543521092709
1543521092741
1543521092770
1543521092797
1543521092825
1543521092847
1543521092877
1543521092910
1543521092943
1543521092969
1543521092993
1543521093024
1543521093059
1543521093094
1543521093121
1543521093145
1543521093177
1543521093208
1543521093235
1543521093255
1543521093278
1543521093312
1543521093348
1543521093375
1543521093400
1543521093424
1543521093455
1543521093486
1543521093516
1543521093543
1543521093567
1543521093595
1543521093627
1543521093658
1543521093680
1543521093704
1543521093735
1543521093765
1543521093793
1543521093820
1543521093844
1543521093872
1543521093901
1543521093932
1543521093959
1543521093986
1543521094017
1543521094048
1543521094078
1543521094103
1543521094126
1543521094156
1543521094183
1543521094214
1543521094239
1543521094266
1543521094295
1543521094329
1543521094360
1543521094386
1543521094412
1543521094440
1543521094481
1543521094513
1543521094542
1543521094565
1543521094598
1543521094628
1543521094653
1543521094680
1543521094706
1543521094737
1543521094768
1543521094803
1543521094827
1543521094854
1543521094889
1543521094923
1543521094958
1543521094986
1543521095010
1543521095044
1543521095072
1543521095097
1543521095125
1543521095148
1543521095178
1543521095207
1543521095239
1543521095268
1543521095292
1543521095321
1543521095356
1543521095387
1543521095416
1543521095444
1543521095482
1543521095510
1543521095543
1543521095566
1543521095593
1543521095626
1543521095656
1543521095692
1543521095716
1543521095744
1543521095775
1543521095809
1543521095842
1543521095863
1543521095888
1543521095919
1543521095949
1543521095980
1543521096005
1543521096027
1543521096055
1543521096089
1543521096119
1543521096145
1543521096168
1543521096200
1543521096234
1543521096271
1543521096294
1543521096321
1543521096350
1543521096375
1543521096402
1543521096426
1543521096460
1543521096489
1543521096520
1543521096551
1543521096577
1543521096603
1543521096632
1543521096662
1543521096697
1543521096733
1543521096762
1543521096791
1543521096821
1543521096848
1543521096877
1543521096901
1543521096931
1543521096963
1543521096998
1543521097023
1543521097045
1543521097078
1543521097109
1543521097144
1543521097175
1543521097204
1543521097234
1543521097265
1543521097293
1543521097317
1543521097341
1543521097368
1543521097393
1543521097423
1543521097446
1543521097469
1543521097500
1543521097531
1543521097560
1543521097586
1543521097610
1543521097639
1543521097671
1543521097694
1543521097721
1543521097747
1543521097773
1543521097802
1543521097830
1543521097851
1543521097876
1543521097905
1543521097934
1543521097964
1543521097990
1543521098014
1543521098046
1543521098074
1543521098103
1543521098131
1543521098157
1543521098185
1543521098217
1543521098247
1543521098271
1543521098297
1543521098327
1543521098357
1543521098388
1543521098409
1543521098438
1543521098468
1543521098501
1543521098534
1543521098557
1543521098583
1543521098614
1543521098648
1543521098678
1543521098706
1543521098737
1543521098769
1543521098799
1543521098831
1543521098861
1543521098888
1543521098919
1543521098952
1543521098982
1543521099007
1543521099033
1543521099067
1543521099096
1543521099129
1543521099154
1543521099175
1543521099202
1543521099230
1543521099260
1543521099283
1543521099311
1543521099341
1543521099373
1543521099405
1543521099429
1543521099460
1543521099496
1543521099527
1543521099553
1543521099582
1543521099604
1543521099631
1543521099660
1543521099699
1543521099723
1543521099753
1543521099784
1543521099811
1543521099842
1543521099866
1543521099889
1543521099917
1543521099947
1543521099975
1543521099996
1543521100021
1543521100053
1543521100082
1543521100114
1543521100138
1543521100165
1543521100196
1543521100230
1543521100258
1543521100287
1543521100312
1543521100348
1543521100383
1543521100418
1543521100446
1543521100472
1543521100500
1543521100526
1543521100555
1543521100580
1543521100612
1543521100641
1543521100677
1543521100708
1543521100735
1543521100761
1543521100791
1543521084876
1543521084909
1543521084932
1543521085040
1543521085067
1543521085094
1543521085125
1543521085144
1543521085169
1543521085199
1543521085230
1543521085263
1543521085289
1543521085313
1543521085341
1543521085380
1543521085412
1543521085441
1543521085463
1543521085493
1543521085520
1543521085546
1543521085576
1543521085605
1543521085632
1543521085660
1543521085685
1543521085709
1543521085738
1543521085774
1543521085810
1543521085839
1543521085864
1543521085888
1543521085917
1543521085944
1543521085975
1543521086005
1543521086031
1543521086062
1543521086091
1543521086121
1543521086145
1543521086175
1543521086213
1543521086243
1543521086271
1543521086298
1543521086323
1543521086362
1543521086397
1543521086431
1543521086462
1543521086488
1543521086520
1543521086551
1543521086587
1543521086615
1543521086646
1543521086676
1543521086708
1543521086741
1543521086770
1543521086796
1543521086821
1543521086851
1543521086880
1543521086901
1543521086929
1543521086960
1543521086990
1543521087017
1543521087042
1543521087071
1543521087098
1543521087129
1543521087161
1543521087186
1543521087211
1543521087240
1543521087272
1543521087302
1543521087323
1543521087348
1543521087378
1543521087408
1543521087460
1543521087487
1543521087513
1543521087544
1543521087579
1543521087611
1543521087635
1543521087661
1543521087692
1543521087721
1543521087746
1543521087767
1543521087791
1543521087822
1543521087859
1543521087893
1543521087919
1543521087943
1543521087975
1543521088010
1543521088045
1543521088068
1543521088091
1543521088122
1543521088157
1543521088185
1543521088210
1543521088236
1543521088264
1543521088300
1543521088329
1543521088354
1543521088380
1543521088412
1543521088445
1543521088476
1543521088509
1543521088536
1543521088564
1543521088593
1543521088622
1543521088645
1543521088669
1543521088701
1543521088739
1543521088775
1543521088804
1543521088831
1543521088858
1543521088891
1543521088922
1543521088952
1543521088979
1543521089016
1543521089047
1543521089073
1543521089099
1543521089126
1543521089159
1543521089193
1543521089225
1543521089250
1543521089273
1543521089301
1543521089330
1543521089355
1543521089377
1543521089401
1543521089432
1543521089463
1543521089497
1543521089525
1543521089551
1543521089577
1543521089612
1543521089644
1543521089670
1543521089696
1543521089725
1543521089757
1543521089794
1543521089821
1543521089849
1543521089881
1543521089909
1543521089941
1543521089967
1543521089991
1543521090017
1543521090056
1543521090089
1543521090113
1543521090138
1543521090171
1543521090204
1543521090234
1543521090261
1543521090284
1543521090312
1543521090345
1543521090380
1543521090407
1543521090429
1543521090459
1543521090493
1543521090531
1543521090558
1543521090587
1543521090614
1543521090648
1543521090683
1543521090719
1543521090748
1543521090780
1543521090810
1543521090841
1543521090864
1543521090888
1543521090916
1543521090953
1543521090978
1543521091002
1543521091026
1543521091056
1543521091087
1543521091116
1543521091139
1543521091184
1543521091214
1543521091239
1543521091263
1543521091291
1543521091316
1543521091340
1543521091377
1543521091408
1543521091433
1543521091456
1543521091484
1543521091513
1543521091538
1543521091562
1543521091587
1543521091619
1543521091645
1543521091672
1543521091698
1543521091721
1543521091751
1543521091780
1543521091813
1543521091839
1543521091862
1543521091889
1543521091923
1543521091960
1543521091988
1543521092015
1543521092053
1543521092084
1543521092116
1543521092140
1543521092167
1543521092201
1543521092236
1543521092265
1543521092294
1543521092321
1543521092351
1543521092379
1543521092410
1543521092442
1543521092467
1543521092498
1543521092525
1543521092555
1543521092585
1543521092609
1543521092636
1543521092666
1543521092695
1543521092723
1543521092746
1543521092776
1543521092808
1543521092833
1543521092861
1543521092884
1543521092913
1543521092945
1543521092976
1543521093001
1543521093034
1543521093064
1543521093099
1543521093129
1543521093158
1543521093185
1543521093216
1543521093254
1543521093284
1543521093311
1543521093335
1543521093364
1543521093395
1543521093421
1543521093444
1543521093467
1543521093495
1543521093524
1543521093555
1543521093580
1543521093607
1543521093640
1543521093670
1543521093697
1543521093726
1543521093748
1543521093776
1543521093807
1543521093837
1543521093862
1543521093887
1543521093920
1543521093950
1543521093982
1543521094006
1543521094030
1543521094059
1543521094097
1543521094126
1543521094150
1543521094174
1543521094204
1543521094239
1543521094268
1543521094297
1543521094323
1543521094351
1543521094386
1543521094415
1543521094442
1543521094473
1543521094503
1543521094530
1543521094558
1543521094585
1543521094611
1543521094644
1543521094672
1543521094701
1543521094721
1543521094747
1543521094775
1543521094804
1543521094838
1543521094863
1543521094888
1543521094925
1543521094955
1543521094984
1543521095013
1543521095038
1543521095064
1543521095093
1543521095125
1543521095148
1543521095174
1543521095205
1543521095239
1543521095272
1543521095300
1543521095323
1543521095356
1543521095387
1543521095420
1543521095444
1543521095473
1543521095503
1543521095532
1543521095564
1543521095586
1543521095607
1543521095633
1543521095658
1543521095692
1543521095717
1543521095744
1543521095775
1543521095820
1543521095853
1543521095878
1543521095907
1543521095934
1543521095968
1543521095994
1543521096015
1543521096043
1543521096069
1543521096098
1543521096131
1543521096156
1543521096184
1543521096214
1543521096245
1543521096274
1543521096300
1543521096326
1543521096357
1543521096389
1543521096426
1543521096460
1543521096484
1543521096512
1543521096545
1543521096577
1543521096605
1543521096628
1543521096661
1543521096697
1543521096733
1543521096767
1543521096795
1543521096831
1543521096862
1543521096894
1543521096919
1543521096944
1543521096976
1543521097011
1543521097041
1543521097064
1543521097091
1543521097138
1543521097167
1543521097197
1543521097222
1543521097265
1543521097293
1543521097319
1543521097351
1543521097379
1543521097401
1543521097434
1543521097461
1543521097493
1543521097517
1543521097546
1543521097574
1543521097607
1543521097641
1543521097666
1543521097692
1543521097726
1543521097754
1543521097785
1543521097811
1543521097836
1543521097864
1543521097893
1543521097925
1543521097948
1543521097972
1543521098001
1543521098034
1543521098064
1543521098088
1543521098111
1543521098140
1543521098165
1543521098194
1543521098222
1543521098244
1543521098281
1543521098310
1543521098342
1543521098370
1543521098399
1543521098429
1543521098464
1543521098496
1543521098525
1543521098550
1543521098581
1543521098614
1543521098646
1543521098671
1543521098698
1543521098737
1543521098770
1543521098801
1543521098825
1543521098853
1543521098880
1543521098907
1543521098932
1543521098954
1543521098978
1543521099012
1543521099044
1543521099075
1543521099100
1543521099124
1543521099156
1543521099193
1543521099219
1543521099246
1543521099271
1543521099306
1543521099341
1543521099371
1543521099393
1543521099425
1543521099460
1543521099494
1543521099523
1543521099549
1543521099574
1543521099605
1543521099635
1543521099666
1543521099695
1543521099718
1543521099747
1543521099777
1543521099807
1543521099830
1543521099851
1543521099880
1543521099913
1543521099942
1543521099965
1543521099990
1543521100019
1543521100053
1543521100080
1543521100102
1543521100127
1543521100160
1543521100191
1543521100218
1543521100242
1543521100267
1543521100296
1543521100331
1543521100360
1543521100387
1543521100410
1543521100437
1543521100466
1543521100497
1543521100524
1543521100550
1543521100581
1543521100613
1543521100642
1543521100671
1543521100693
1543521100723
1543521100751
1543521100781
1543521100803
1543521100828
1543521100855
1543521084832
1543521084861
1543521084884
1543521084912
1543521084943
1543521084972
1543521085023
1543521085048
1543521085072
1543521085105
1543521085141
1543521085166
1543521085195
1543521085220
1543521085249
1543521085282
1543521085312
1543521085343
1543521085373
1543521085409
1543521085444
1543521085473
1543521085499
1543521085521
1543521085552
1543521085583
1543521085613
1543521085637
1543521085663
1543521085694
1543521085727
1543521085756
1543521085779
1543521085804
1543521085836
1543521085872
1543521085906
1543521085931
1543521085961
1543521085991
1543521086023
1543521086054
1543521086083
1543521086110
1543521086143
1543521086175
1543521086213
1543521086241
1543521086262
1543521086289
1543521086323
1543521086357
1543521086378
1543521086403
1543521086435
1543521086470
1543521086501
1543521086530
1543521086552
1543521086587
1543521086653
1543521086684
1543521086709
1543521086738
1543521086771
1543521086808
1543521086843
1543521086871
1543521086896
1543521086929
1543521086963
1543521086998
1543521087021
1543521087042
1543521087075
1543521087102
1543521087135
1543521087165
1543521087192
1543521087225
1543521087257
1543521087291
1543521087317
1543521087343
1543521087375
1543521087410
1543521087456
1543521087485
1543521087509
1543521087535
1543521087561
1543521087590
1543521087616
1543521087640
1543521087666
1543521087696
1543521087728
1543521087757
1543521087780
1543521087808
1543521087844
1543521087875
1543521087902
1543521087925
1543521087953
1543521087982
1543521088013
1543521088038
1543521088063
1543521088103
1543521088132
1543521088166
1543521088192
1543521088216
1543521088246
1543521088276
1543521088308
1543521088331
1543521088354
1543521088383
1543521088415
1543521088443
1543521088464
1543521088487
1543521088514
1543521088547
1543521088576
1543521088601
1543521088626
1543521088655
1543521088691
1543521088739
1543521088781
1543521088807
1543521088836
1543521088866
1543521088898
1543521088922
1543521088953
1543521088984
1543521089016
1543521089045
1543521089070
1543521089097
1543521089126
1543521089155
1543521089190
1543521089222
1543521089250
1543521089284
1543521089312
1543521089344
1543521089374
1543521089401
1543521089430
1543521089462
1543521089497
1543521089529
1543521089556
1543521089583
1543521089612
1543521089642
1543521089670
1543521089695
1543521089724
1543521089759
1543521089794
1543521089821
1543521089848
1543521089884
1543521089917
1543521089947
1543521089974
1543521090003
1543521090033
1543521090063
1543521090094
1543521090120
1543521090146
1543521090176
1543521090207
1543521090241
1543521090265
1543521090290
1543521090319
1543521090348
1543521090381
1543521090408
1543521090435
1543521090466
1543521090498
1543521090530
1543521090557
1543521090586
1543521090615
1543521090648
1543521090683
1543521090719
1543521090748
1543521090783
1543521090816
1543521090845
1543521090870
1543521090893
1543521090926
1543521090956
1543521090983
1543521091008
1543521091033
1543521091063
1543521091094
1543521091125
1543521091149
1543521091175
1543521091202
1543521091231
1543521091260
1543521091283
1543521091308
1543521091340
1543521091377
1543521091410
1543521091433
1543521091456
1543521091487
1543521091518
1543521091545
1543521091568
1543521091593
1543521091621
1543521091654
1543521091684
1543521091711
1543521091735
1543521091761
1543521091794
1543521091825
1543521091852
1543521091878
1543521091906
1543521091936
1543521091967
1543521091994
1543521092020
1543521092050
1543521092088
1543521092120
1543521092144
1543521092171
1543521092201
1543521092231
1543521092262
1543521092292
1543521092316
1543521092343
1543521092373
1543521092405
1543521092432
1543521092453
1543521092485
1543521092516
1543521092546
1543521092571
1543521092603
1543521092635
1543521092671
1543521092702
1543521092735
1543521092760
1543521092790
1543521092825
1543521092852
1543521092878
1543521092903
1543521092938
1543521092971
1543521093003
1543521093032
1543521093060
1543521093091
1543521093119
1543521093152
1543521093179
1543521093205
1543521093237
1543521093265
1543521093296
1543521093318
1543521093339
1543521093371
1543521093405
1543521093433
1543521093457
1543521093480
1543521093508
1543521093536
1543521093565
1543521093588
1543521093609
1543521093640
1543521093671
1543521093702
1543521093726
1543521093748
1543521093776
1543521093805
1543521093837
1543521093862
1543521093887
1543521093911
1543521093944
1543521093972
1543521093994
1543521094018
1543521094051
1543521094083
1543521094112
1543521094140
1543521094160
1543521094188
1543521094220
1543521094248
1543521094271
1543521094299
1543521094327
1543521094360
1543521094388
1543521094412
1543521094436
1543521094470
1543521094500
1543521094532
1543521094559
1543521094585
1543521094613
1543521094640
1543521094665
1543521094695
1543521094721
1543521094753
1543521094782
1543521094813
1543521094838
1543521094863
1543521094893
1543521094936
1543521094967
1543521094992
1543521095019
1543521095050
1543521095080
1543521095111
1543521095139
1543521095174
1543521095205
1543521095236
1543521095264
1543521095293
1543521095319
1543521095346
1543521095380
1543521095407
1543521095427
1543521095451
1543521095482
1543521095508
1543521095543
1543521095566
1543521095593
1543521095624
1543521095656
1543521095692
1543521095715
1543521095744
1543521095775
1543521095810
1543521095845
1543521095870
1543521095895
1543521095927
1543521095956
1543521095982
1543521096009
1543521096033
1543521096061
1543521096087
1543521096117
1543521096143
1543521096168
1543521096197
1543521096226
1543521096253
1543521096279
1543521096307
1543521096337
1543521096369
1543521096395
1543521096419
1543521096445
1543521096492
1543521096517
1543521096543
1543521096567
1543521096594
1543521096626
1543521096657
1543521096686
1543521096708
1543521096735
1543521096769
1543521096794
1543521096825
1543521096851
1543521096878
1543521096904
1543521096937
1543521096971
1543521096998
1543521097022
1543521097049
1543521097084
1543521097126
1543521097150
1543521097179
1543521097209
1543521097236
1543521097265
1543521097289
1543521097319
1543521097351
1543521097383
1543521097419
1543521097446
1543521097470
1543521097496
1543521097533
1543521097562
1543521097590
1543521097617
1543521097648
1543521097676
1543521097708
1543521097735
1543521097768
1543521097799
1543521097831
1543521097866
1543521097894
1543521097918
1543521097948
1543521097977
1543521098008
1543521098034
1543521098062
1543521098096
1543521098131
1543521098162
1543521098188
1543521098215
1543521098242
1543521098281
1543521098310
1543521098341
1543521098370
1543521098405
1543521098433
1543521098460
1543521098483
1543521098503
1543521098536
1543521098568
1543521098595
1543521098617
1543521098642
1543521098678
1543521098712
1543521098746
1543521098768
1543521098797
1543521098832
1543521098864
1543521098892
1543521098920
1543521098948
1543521098977
1543521099012
1543521099041
1543521099073
1543521099100
1543521099127
1543521099156
1543521099192
1543521099216
1543521099240
1543521099270
1543521099302
1543521099335
1543521099368
1543521099396
1543521099432
1543521099466
1543521099500
1543521099524
1543521099551
1543521099577
1543521099608
1543521099637
1543521099661
1543521099695
1543521099724
1543521099758
1543521099787
1543521099814
1543521099843
1543521099871
1543521099902
1543521099929
1543521099959
1543521099985
1543521100014
1543521100048
1543521100078
1543521100102
1543521100127
1543521100158
1543521100190
1543521100220
1543521100246
1543521100274
1543521100303
1543521100346
1543521100375
1543521100405
1543521100430
1543521100459
1543521100488
1543521100524
1543521100550
1543521100574
1543521100610
1543521100641
1543521100672
1543521100698
1543521100723
1543521100750
1543521100785
1543521100814
1543521100841
1543521100865
1543521100891
1543521084832
1543521084863
1543521084894
1543521084927
1543521084959
1543521084991
1543521085025
1543521085056
1543521085085
1543521085111
1543521085143
1543521085173
1543521085198
1543521085227
1543521085258
1543521085286
1543521085318
1543521085343
1543521085373
1543521085409
1543521085444
1543521085478
1543521085504
1543521085529
1543521085559
1543521085592
1543521085625
1543521085651
1543521085676
1543521085707
1543521085742
1543521085773
1543521085799
1543521085823
1543521085852
1543521085880
1543521085912
1543521085937
1543521085960
1543521085994
1543521086025
1543521086058
1543521086088
1543521086118
1543521086150
1543521086179
1543521086213
1543521086241
1543521086267
1543521086298
1543521086325
1543521086362
1543521086391
1543521086423
1543521086462
1543521086496
1543521086529
1543521086552
1543521086578
1543521086616
1543521086653
1543521086683
1543521086715
1543521086745
1543521086779
1543521086817
1543521086847
1543521086871
1543521086896
1543521086929
1543521086963
1543521086995
1543521087021
1543521087049
1543521087079
1543521087110
1543521087142
1543521087175
1543521087198
1543521087225
1543521087254
1543521087284
1543521087310
1543521087336
1543521087370
1543521087396
1543521087425
1543521087457
1543521087485
1543521087516
1543521087551
1543521087583
1543521087611
1543521087635
1543521087664
1543521087696
1543521087728
1543521087751
1543521087774
1543521087802
1543521087831
1543521087861
1543521087886
1543521087914
1543521087944
1543521087975
1543521088011
1543521088039
1543521088064
1543521088100
1543521088132
1543521088166
1543521088196
1543521088222
1543521088252
1543521088284
1543521088314
1543521088336
1543521088359
1543521088387
1543521088417
1543521088450
1543521088477
1543521088500
1543521088527
1543521088557
1543521088590
1543521088614
1543521088639
1543521088667
1543521088696
1543521088739
1543521088768
1543521088790
1543521088820
1543521088852
1543521088882
1543521088905
1543521088929
1543521088958
1543521088988
1543521089017
1543521089040
1543521089064
1543521089091
1543521089121
1543521089155
1543521089184
1543521089208
1543521089235
1543521089266
1543521089296
1543521089319
1543521089344
1543521089377
1543521089408
1543521089435
1543521089460
1543521089492
1543521089529
1543521089563
1543521089593
1543521089621
1543521089647
1543521089676
1543521089705
1543521089736
1543521089765
1543521089794
1543521089828
1543521089858
1543521089890
1543521089916
1543521089945
1543521089982
1543521090011
1543521090056
1543521090083
1543521090108
1543521090139
1543521090171
1543521090206
1543521090234
1543521090261
1543521090288
1543521090321
1543521090350
1543521090374
1543521090401
1543521090435
1543521090466
1543521090498
1543521090522
1543521090552
1543521090579
1543521090609
1543521090640
1543521090666
1543521090693
1543521090721
1543521090758
1543521090785
1543521090812
1543521090836
1543521090870
1543521090902
1543521090941
1543521090969
1543521090990
1543521091019
1543521091047
1543521091073
1543521091100
1543521091129
1543521091161
1543521091188
1543521091221
1543521091248
1543521091273
1543521091301
1543521091341
1543521091377
1543521091405
1543521091433
1543521091460
1543521091489
1543521091520
1543521091547
1543521091573
1543521091605
1543521091634
1543521091659
1543521091686
1543521091710
1543521091740
1543521091769
1543521091799
1543521091825
1543521091849
1543521091876
1543521091900
1543521091928
1543521091961
1543521091992
1543521092022
1543521092050
1543521092082
1543521092104
1543521092127
1543521092154
1543521092186
1543521092218
1543521092244
1543521092275
1543521092305
1543521092333
1543521092359
1543521092381
1543521092411
1543521092440
1543521092470
1543521092501
1543521092528
1543521092552
1543521092582
1543521092612
1543521092638
1543521092668
1543521092699
1543521092731
1543521092765
1543521092792
1543521092820
1543521092843
1543521092869
1543521092900
1543521092930
1543521092957
1543521092980
1543521093009
1543521093037
1543521093066
1543521093094
1543521093121
1543521093150
1543521093183
1543521093216
1543521093251
1543521093279
1543521093312
1543521093348
1543521093376
1543521093404
1543521093429
1543521093459
1543521093491
1543521093524
1543521093549
1543521093575
1543521093605
1543521093631
1543521093660
1543521093687
1543521093710
1543521093737
1543521093768
1543521093798
1543521093825
1543521093849
1543521093875
1543521093905
1543521093935
1543521093961
1543521093986
1543521094016
1543521094048
1543521094076
1543521094103
1543521094126
1543521094156
1543521094185
1543521094216
1543521094239
1543521094267
1543521094296
1543521094329
1543521094359
1543521094386
1543521094412
1543521094442
1543521094481
1543521094513
1543521094542
1543521094565
1543521094598
1543521094629
1543521094660
1543521094686
1543521094719
1543521094751
1543521094779
1543521094811
1543521094839
1543521094863
1543521094895
1543521094933
1543521094965
1543521094992
1543521095016
1543521095050
1543521095080
1543521095111
1543521095137
1543521095174
1543521095205
1543521095239
1543521095273
1543521095298
1543521095323
1543521095356
1543521095385
1543521095417
1543521095446
1543521095475
1543521095505
1543521095535
1543521095566
1543521095593
1543521095614
1543521095641
1543521095663
1543521095694
1543521095720
1543521095747
1543521095779
1543521095817
1543521095847
1543521095870
1543521095895
1543521095922
1543521095951
1543521095980
1543521096005
1543521096027
1543521096060
1543521096091
1543521096119
1543521096144
1543521096168
1543521096200
1543521096234
1543521096271
1543521096299
1543521096326
1543521096360
1543521096392
1543521096427
1543521096460
1543521096506
1543521096558
1543521096594
1543521096628
1543521096661
1543521096697
1543521096738
1543521096771
1543521096801
1543521096825
1543521096851
1543521096882
1543521096910
1543521096935
1543521096963
1543521096992
1543521097018
1543521097051
1543521097081
1543521097106
1543521097129
1543521097164
1543521097197
1543521097230
1543521097255
1543521097276
1543521097311
1543521097339
1543521097370
1543521097396
1543521097420
1543521097450
1543521097480
1543521097508
1543521097531
1543521097558
1543521097584
1543521097613
1543521097641
1543521097666
1543521097692
1543521097721
1543521097751
1543521097781
1543521097805
1543521097831
1543521097863
1543521097890
1543521097921
1543521097947
1543521097972
1543521098001
1543521098032
1543521098064
1543521098094
1543521098119
1543521098145
1543521098172
1543521098196
1543521098221
1543521098246
1543521098277
1543521098310
1543521098341
1543521098370
1543521098405
1543521098436
1543521098466
1543521098495
1543521098520
1543521098545
1543521098574
1543521098606
1543521098632
1543521098654
1543521098676
1543521098712
1543521098744
1543521098774
1543521098799
1543521098825
1543521098859
1543521098886
1543521098922
1543521098948
1543521098972
1543521099004
1543521099036
1543521099068
1543521099093
1543521099120
1543521099153
1543521099192
1543521099223
1543521099251
1543521099275
1543521099310
1543521099342
1543521099373
1543521099399
1543521099424
1543521099455
1543521099485
1543521099518
1543521099544
1543521099570
1543521099596
1543521099628
1543521099660
1543521099695
1543521099718
1543521099745
1543521099775
1543521099811
1543521099839
1543521099863
1543521099893
1543521099924
1543521099955
1543521099985
1543521100015
1543521100046
1543521100078
1543521100107
1543521100133
1543521100163
1543521100191
1543521100220
1543521100250
1543521100274
1543521100301
1543521100329
1543521100358
1543521100388
1543521100418
1543521100446
1543521100478
1543521100508
1543521100537
1543521100563
1543521100592
1543521100625
1543521100653
1543521100692
1543521100716
1543521100740
1543521100771
1543521100803
1543521100836
1543521100864
1543521100887
1543521100919
1543521084842
1543521084873
1543521084898
1543521084928
1543521084960
1543521084993
1543521085030
1543521085075
1543521085104
1543521085136
1543521085162
1543521085189
1543521085214
1543521085237
1543521085266
1543521085295
1543521085323
1543521085350
1543521085378
1543521085412
1543521085443
1543521085476
1543521085505
1543521085529
1543521085559
1543521085590
1543521085625
1543521085651
1543521085680
1543521085713
1543521085744
1543521085775
1543521085804
1543521085829
1543521085859
1543521085890
1543521085922
1543521085950
1543521085979
1543521086010
1543521086039
1543521086065
1543521086091
1543521086117
1543521086145
1543521086179
1543521086211
1543521086241
1543521086268
1543521086295
1543521086328
1543521086362
1543521086393
1543521086423
1543521086460
1543521086496
1543521086527
1543521086554
1543521086580
1543521086616
1543521086649
1543521086679
1543521086706
1543521086732
1543521086772
1543521086808
1543521086844
1543521086871
1543521086896
1543521086926
1543521086962
1543521086998
1543521087021
1543521087049
1543521087080
1543521087111
1543521087140
1543521087163
1543521087193
1543521087222
1543521087257
1543521087291
1543521087319
1543521087344
1543521087378
1543521087417
1543521087462
1543521087499
1543521087526
1543521087558
1543521087592
1543521087620
1543521087647
1543521087670
1543521087704
1543521087738
1543521087768
1543521087791
1543521087822
1543521087859
1543521087890
1543521087917
1543521087943
1543521087970
1543521088010
1543521088045
1543521088071
1543521088102
1543521088129
1543521088158
1543521088192
1543521088223
1543521088248
1543521088272
1543521088304
1543521088335
1543521088364
1543521088397
1543521088422
1543521088451
1543521088483
1543521088512
1543521088536
1543521088560
1543521088590
1543521088618
1543521088653
1543521088685
1543521088709
1543521088747
1543521088775
1543521088807
1543521088830
1543521088860
1543521088888
1543521088920
1543521088949
1543521088974
1543521088997
1543521089025
1543521089055
1543521089087
1543521089108
1543521089131
1543521089161
1543521089196
1543521089223
1543521089250
1543521089279
1543521089307
1543521089336
1543521089374
1543521089401
1543521089426
1543521089457
1543521089494
1543521089523
1543521089543
1543521089567
1543521089596
1543521089623
1543521089653
1543521089677
1543521089701
1543521089733
1543521089761
1543521089794
1543521089821
1543521089849
1543521089884
1543521089914
1543521089943
1543521089972
1543521089998
1543521090023
1543521090056
1543521090087
1543521090113
1543521090139
1543521090168
1543521090198
1543521090228
1543521090255
1543521090278
1543521090311
1543521090345
1543521090378
1543521090401
1543521090430
1543521090457
1543521090493
1543521090530
1543521090557
1543521090580
1543521090608
1543521090633
1543521090664
1543521090685
1543521090719
1543521090750
1543521090783
1543521090813
1543521090842
1543521090870
1543521090909
1543521090940
1543521090971
1543521090996
1543521091021
1543521091049
1543521091079
1543521091111
1543521091133
1543521091156
1543521091182
1543521091216
1543521091246
1543521091273
1543521091296
1543521091333
1543521091367
1543521091396
1543521091422
1543521091451
1543521091477
1543521091506
1543521091534
1543521091557
1543521091582
1543521091608
1543521091637
1543521091666
1543521091692
1543521091715
1543521091745
1543521091773
1543521091805
1543521091829
1543521091856
1543521091888
1543521091921
1543521091960
1543521091981
1543521092005
1543521092034
1543521092059
1543521092088
1543521092117
1543521092143
1543521092175
1543521092206
1543521092236
1543521092261
1543521092283
1543521092309
1543521092339
1543521092371
1543521092396
1543521092425
1543521092456
1543521092485
1543521092516
1543521092543
1543521092571
1543521092607
1543521092638
1543521092671
1543521092699
1543521092727
1543521092756
1543521092785
1543521092816
1543521092843
1543521092867
1543521092893
1543521092923
1543521092957
1543521092983
1543521093005
1543521093035
1543521093064
1543521093099
1543521093126
1543521093152
1543521093185
1543521093216
1543521093255
1543521093279
1543521093306
1543521093340
1543521093368
1543521093400
1543521093424
1543521093450
1543521093478
1543521093503
1543521093534
1543521093556
1543521093580
1543521093612
1543521093637
1543521093665
1543521093692
1543521093726
1543521093758
1543521093786
1543521093817
1543521093845
1543521093868
1543521093897
1543521093930
1543521093960
1543521093988
1543521094013
1543521094041
1543521094070
1543521094100
1543521094126
1543521094150
1543521094178
1543521094212
1543521094243
1543521094271
1543521094299
1543521094329
1543521094358
1543521094391
1543521094417
1543521094444
1543521094478
1543521094513
1543521094547
1543521094572
1543521094598
1543521094629
1543521094662
1543521094689
1543521094719
1543521094747
1543521094772
1543521094803
1543521094830
1543521094856
1543521094881
1543521094913
1543521094941
1543521094970
1543521094993
1543521095016
1543521095050
1543521095080
1543521095111
1543521095137
1543521095174
1543521095205
1543521095239
1543521095272
1543521095298
1543521095323
1543521095356
1543521095388
1543521095424
1543521095452
1543521095474
1543521095506
1543521095543
1543521095570
1543521095598
1543521095626
1543521095656
1543521095692
1543521095722
1543521095747
1543521095775
1543521095820
1543521095853
1543521095887
1543521095912
1543521095939
1543521095968
1543521095996
1543521096027
1543521096054
1543521096078
1543521096105
1543521096136
1543521096165
1543521096191
1543521096219
1543521096246
1543521096274
1543521096307
1543521096334
1543521096360
1543521096394
1543521096426
1543521096460
1543521096485
1543521096508
1543521096538
1543521096572
1543521096602
1543521096628
1543521096658
1543521096697
1543521096735
1543521096773
1543521096798
1543521096825
1543521096854
1543521096889
1543521096918
1543521096944
1543521096972
1543521097004
1543521097034
1543521097063
1543521097091
1543521097130
1543521097165
1543521097197
1543521097230
1543521097255
1543521097285
1543521097316
1543521097348
1543521097375
1543521097401
1543521097426
1543521097458
1543521097493
1543521097522
1543521097546
1543521097571
1543521097598
1543521097625
1543521097656
1543521097690
1543521097721
1543521097751
1543521097781
1543521097809
1543521097836
1543521097858
1543521097884
1543521097918
1543521097944
1543521097974
1543521098003
1543521098034
1543521098063
1543521098096
1543521098124
1543521098149
1543521098183
1543521098215
1543521098243
1543521098272
1543521098297
1543521098325
1543521098355
1543521098381
1543521098407
1543521098430
1543521098464
1543521098496
1543521098530
1543521098556
1543521098584
1543521098611
1543521098642
1543521098676
1543521098706
1543521098737
1543521098772
1543521098801
1543521098831
1543521098859
1543521098882
1543521098912
1543521098937
1543521098964
1543521098986
1543521099016
1543521099046
1543521099074
1543521099107
1543521099131
1543521099154
1543521099189
1543521099223
1543521099258
1543521099283
1543521099310
1543521099339
1543521099368
1543521099397
1543521099424
1543521099450
1543521099479
1543521099507
1543521099534
1543521099563
1543521099586
1543521099617
1543521099640
1543521099669
1543521099699
1543521099724
1543521099758
1543521099790
1543521099820
1543521099844
1543521099867
1543521099895
1543521099926
1543521099955
1543521099985
1543521100015
1543521100046
1543521100078
1543521100108
1543521100134
1543521100163
1543521100190
1543521100221
1543521100253
1543521100280
1543521100306
1543521100342
1543521100377
1543521100408
1543521100435
1543521100460
1543521100489
1543521100521
1543521100553
1543521100580
1543521100612
1543521100642
1543521100677
1543521100710
1543521100735
1543521100761
1543521100788
1543521100819
1543521100854
1543521100876
1543521100899
1543521100934
1543521084837
1543521084871
1543521084899
1543521084928
1543521084962
1543521084994
1543521085075
1543521085104
1543521085126
1543521085163
1543521085196
1543521085235
1543521085263
1543521085289
1543521085316
1543521085347
1543521085379
1543521085409
1543521085441
1543521085476
1543521085510
1543521085539
1543521085577
1543521085608
1543521085640
1543521085673
1543521085707
1543521085738
1543521085768
1543521085801
1543521085836
1543521085872
1543521085898
1543521085926
1543521085960
1543521085994
1543521086028
1543521086056
1543521086081
1543521086110
1543521086141
1543521086175
1543521086199
1543521086224
1543521086258
1543521086283
1543521086314
1543521086340
1543521086363
1543521086395
1543521086425
1543521086462
1543521086489
1543521086518
1543521086553
1543521086585
1543521086618
1543521086645
1543521086673
1543521086702
1543521086738
1543521086784
1543521086811
1543521086837
1543521086871
1543521086899
1543521086929
1543521086956
1543521086978
1543521087006
1543521087041
1543521087077
1543521087107
1543521087130
1543521087163
1543521087189
1543521087227
1543521087250
1543521087272
1543521087303
1543521087335
1543521087368
1543521087393
1543521087415
1543521087454
1543521087493
1543521087527
1543521087552
1543521087587
1543521087615
1543521087646
1543521087674
1543521087704
1543521087736
1543521087766
1543521087796
1543521087825
1543521087850
1543521087880
1543521087910
1543521087942
1543521087969
1543521088009
1543521088033
1543521088063
1543521088096
1543521088130
1543521088154
1543521088179
1543521088208
1543521088241
1543521088272
1543521088300
1543521088326
1543521088351
1543521088375
1543521088406
1543521088432
1543521088458
1543521088485
1543521088516
1543521088545
1543521088573
1543521088602
1543521088630
1543521088662
1543521088688
1543521088713
1543521088740
1543521088773
1543521088812
1543521088839
1543521088866
1543521088895
1543521088925
1543521088955
1543521088986
1543521089013
1543521089040
1543521089070
1543521089101
1543521089133
1543521089161
1543521089188
1543521089221
1543521089254
1543521089284
1543521089309
1543521089338
1543521089373
1543521089410
1543521089445
1543521089469
1543521089497
1543521089532
1543521089563
1543521089590
1543521089612
1543521089638
1543521089668
1543521089700
1543521089734
1543521089759
1543521089787
1543521089821
1543521089853
1543521089884
1543521089910
1543521089935
1543521089962
1543521089988
1543521090018
1543521090048
1543521090071
1543521090098
1543521090131
1543521090164
1543521090186
1543521090210
1543521090241
1543521090270
1543521090299
1543521090321
1543521090345
1543521090381
1543521090411
1543521090441
1543521090465
1543521090494
1543521090531
1543521090561
1543521090590
1543521090616
1543521090647
1543521090685
1543521090718
1543521090752
1543521090776
1543521090797
1543521090824
1543521090851
1543521090878
1543521090909
1543521090953
1543521090985
1543521091011
1543521091043
1543521091065
1543521091090
1543521091119
1543521091147
1543521091180
1543521091202
1543521091228
1543521091258
1543521091287
1543521091317
1543521091343
1543521091372
1543521091400
1543521091428
1543521091456
1543521091480
1543521091501
1543521091538
1543521091568
1543521091599
1543521091624
1543521091648
1543521091679
1543521091709
1543521091740
1543521091764
1543521091799
1543521091828
1543521091857
1543521091890
1543521091919
1543521091941
1543521091973
1543521092004
1543521092036
1543521092062
1543521092090
1543521092123
1543521092157
1543521092191
1543521092215
1543521092241
1543521092270
1543521092300
1543521092335
1543521092361
1543521092388
1543521092415
1543521092445
1543521092476
1543521092500
1543521092521
1543521092548
1543521092580
1543521092606
1543521092628
1543521092653
1543521092682
1543521092709
1543521092741
1543521092765
1543521092790
1543521092825
1543521092853
1543521092882
1543521092910
1543521092939
1543521092967
1543521093002
1543521093036
1543521093067
1543521093099
1543521093138
1543521093168
1543521093200
1543521093227
1543521093251
1543521093282
1543521093312
1543521093344
1543521093374
1543521093398
1543521093427
1543521093456
1543521093486
1543521093512
1543521093537
1543521093569
1543521093599
1543521093625
1543521093650
1543521093673
1543521093704
1543521093734
1543521093764
1543521093790
1543521093813
1543521093840
1543521093871
1543521093903
1543521093926
1543521093951
1543521093979
1543521094009
1543521094043
1543521094067
1543521094092
1543521094119
1543521094147
1543521094180
1543521094204
1543521094229
1543521094254
1543521094281
1543521094313
1543521094340
1543521094363
1543521094393
1543521094421
1543521094452
1543521094474
1543521094498
1543521094533
1543521094566
1543521094598
1543521094625
1543521094650
1543521094678
1543521094710
1543521094739
1543521094765
1543521094792
1543521094824
1543521094854
1543521094887
1543521094909
1543521094933
1543521094967
1543521094998
1543521095026
1543521095050
1543521095075
1543521095105
1543521095134
1543521095171
1543521095193
1543521095215
1543521095241
1543521095270
1543521095304
1543521095330
1543521095354
1543521095387
1543521095416
1543521095448
1543521095475
1543521095500
1543521095535
1543521095566
1543521095597
1543521095623
1543521095649
1543521095683
1543521095707
1543521095740
1543521095764
1543521095789
1543521095822
1543521095854
1543521095889
1543521095915
1543521095944
1543521095972
1543521095999
1543521096027
1543521096056
1543521096084
1543521096113
1543521096142
1543521096171
1543521096197
1543521096222
1543521096255
1543521096290
1543521096325
1543521096352
1543521096381
1543521096408
1543521096437
1543521096467
1543521096497
1543521096518
1543521096551
1543521096582
1543521096610
1543521096633
1543521096658
1543521096699
1543521096756
1543521096784
1543521096808
1543521096836
1543521096867
1543521096901
1543521096930
1543521096958
1543521096986
1543521097013
1543521097045
1543521097076
1543521097099
1543521097130
1543521097165
1543521097197
1543521097230
1543521097255
1543521097285
1543521097315
1543521097344
1543521097375
1543521097403
1543521097427
1543521097458
1543521097484
1543521097515
1543521097539
1543521097564
1543521097592
1543521097620
1543521097654
1543521097679
1543521097707
1543521097738
1543521097768
1543521097801
1543521097824
1543521097851
1543521097879
1543521097909
1543521097939
1543521097965
1543521097990
1543521098019
1543521098048
1543521098079
1543521098108
1543521098131
1543521098160
1543521098195
1543521098224
1543521098249
1543521098279
1543521098310
1543521098343
1543521098373
1543521098409
1543521098438
1543521098468
1543521098499
1543521098534
1543521098557
1543521098583
1543521098614
1543521098648
1543521098678
1543521098706
1543521098737
1543521098768
1543521098801
1543521098831
1543521098864
1543521098889
1543521098924
1543521098951
1543521098980
1543521099007
1543521099031
1543521099064
1543521099091
1543521099124
1543521099148
1543521099171
1543521099197
1543521099226
1543521099259
1543521099286
1543521099311
1543521099342
1543521099373
1543521099404
1543521099429
1543521099461
1543521099494
1543521099521
1543521099547
1543521099574
1543521099599
1543521099631
1543521099659
1543521099688
1543521099718
1543521099747
1543521099777
1543521099809
1543521099846
1543521099872
1543521099896
1543521099926
1543521099957
1543521099990
1543521100014
1543521100041
1543521100073
1543521100099
1543521100127
1543521100150
1543521100171
1543521100202
1543521100233
1543521100266
1543521100293
1543521100319
1543521100351
1543521100386
1543521100418
1543521100452
1543521100478
1543521100510
1543521100541
1543521100570
1543521100598
1543521100622
1543521100653
1543521100692
1543521100723
1543521100746
1543521100772
1543521100802
1543521100831
1543521100864
1543521100889
1543521100922
1543521100959
1543521084840
1543521084871
1543521084930
1543521084964
1543521085075
1543521085106
1543521085141
1543521085165
1543521085195
1543521085224
1543521085254
1543521085284
1543521085314
1543521085342
1543521085377
1543521085409
1543521085444
1543521085471
1543521085499
1543521085527
1543521085557
1543521085584
1543521085610
1543521085637
1543521085667
1543521085700
1543521085731
1543521085759
1543521085784
1543521085814
1543521085845
1543521085877
1543521085899
1543521085924
1543521085952
1543521085982
1543521086016
1543521086041
1543521086067
1543521086095
1543521086125
1543521086156
1543521086183
1543521086218
1543521086252
1543521086282
1543521086318
1543521086345
1543521086369
1543521086403
1543521086433
1543521086465
1543521086492
1543521086517
1543521086553
1543521086587
1543521086620
1543521086646
1543521086673
1543521086702
1543521086737
1543521086772
1543521086799
1543521086823
1543521086853
1543521086890
1543521086922
1543521086950
1543521086972
1543521087004
1543521087030
1543521087064
1543521087089
1543521087112
1543521087141
1543521087174
1543521087203
1543521087227
1543521087252
1543521087281
1543521087307
1543521087336
1543521087364
1543521087388
1543521087413
1543521087455
1543521087494
1543521087520
1543521087544
1543521087580
1543521087613
1543521087644
1543521087670
1543521087696
1543521087728
1543521087762
1543521087789
1543521087822
1543521087845
1543521087875
1543521087907
1543521087937
1543521087965
1543521087992
1543521088020
1543521088048
1543521088079
1543521088103
1543521088129
1543521088161
1543521088192
1543521088220
1543521088248
1543521088272
1543521088302
1543521088338
1543521088372
1543521088395
1543521088420
1543521088452
1543521088483
1543521088512
1543521088539
1543521088572
1543521088600
1543521088632
1543521088664
1543521088691
1543521088721
1543521088747
1543521088780
1543521088814
1543521088844
1543521088868
1543521088900
1543521088930
1543521088960
1543521088984
1543521089009
1543521089040
1543521089070
1543521089099
1543521089128
1543521089155
1543521089193
1543521089225
1543521089255
1543521089283
1543521089309
1543521089340
1543521089371
1543521089408
1543521089432
1543521089460
1543521089497
1543521089534
1543521089565
1543521089592
1543521089618
1543521089649
1543521089684
1543521089713
1543521089737
1543521089763
1543521089791
1543521089820
1543521089856
1543521089886
1543521089910
1543521089938
1543521089971
1543521090003
1543521090027
1543521090052
1543521090082
1543521090113
1543521090143
1543521090169
1543521090192
1543521090219
1543521090250
1543521090277
1543521090302
1543521090325
1543521090352
1543521090380
1543521090414
1543521090444
1543521090471
1543521090503
1543521090535
1543521090564
1543521090591
1543521090616
1543521090649
1543521090685
1543521090721
1543521090748
1543521090776
1543521090808
1543521090838
1543521090870
1543521090898
1543521090926
1543521090956
1543521090986
1543521091017
1543521091043
1543521091070
1543521091098
1543521091129
1543521091160
1543521091191
1543521091216
1543521091244
1543521091274
1543521091300
1543521091336
1543521091362
1543521091392
1543521091423
1543521091456
1543521091480
1543521091504
1543521091535
1543521091568
1543521091597
1543521091624
1543521091649
1543521091679
1543521091708
1543521091739
1543521091768
1543521091795
1543521091822
1543521091852
1543521091883
1543521091912
1543521091938
1543521091973
1543521092005
1543521092036
1543521092062
1543521092090
1543521092124
1543521092157
1543521092191
1543521092218
1543521092244
1543521092277
1543521092307
1543521092339
1543521092368
1543521092395
1543521092428
1543521092459
1543521092489
1543521092518
1543521092541
1543521092567
1543521092595
1543521092626
1543521092648
1543521092671
1543521092708
1543521092738
1543521092770
1543521092793
1543521092820
1543521092849
1543521092880
1543521092910
1543521092940
1543521092969
1543521093000
1543521093033
1543521093064
1543521093094
1543521093124
1543521093158
1543521093188
1543521093216
1543521093251
1543521093273
1543521093306
1543521093341
1543521093371
1543521093398
1543521093424
1543521093454
1543521093484
1543521093518
1543521093543
1543521093567
1543521093598
1543521093627
1543521093660
1543521093690
1543521093719
1543521093745
1543521093774
1543521093807
1543521093831
1543521093856
1543521093890
1543521093918
1543521093947
1543521093976
1543521094000
1543521094027
1543521094056
1543521094091
1543521094114
1543521094140
1543521094170
1543521094198
1543521094226
1543521094251
1543521094277
1543521094305
1543521094333
1543521094360
1543521094388
1543521094417
1543521094446
1543521094481
1543521094513
1543521094555
1543521094579
1543521094609
1543521094633
1543521094662
1543521094687
1543521094720
1543521094753
1543521094782
1543521094815
1543521094838
1543521094885
1543521094915
1543521094955
1543521094982
1543521095010
1543521095031
1543521095060
1543521095085
1543521095115
1543521095141
1543521095174
1543521095202
1543521095232
1543521095265
1543521095292
1543521095321
1543521095352
1543521095387
1543521095415
1543521095439
1543521095461
1543521095489
1543521095521
1543521095545
1543521095573
1543521095599
1543521095629
1543521095660
1543521095689
1543521095716
1543521095744
1543521095775
1543521095808
1543521095836
1543521095859
1543521095883
1543521095912
1543521095944
1543521095974
1543521095999
1543521096024
1543521096051
1543521096082
1543521096111
1543521096137
1543521096164
1543521096195
1543521096227
1543521096271
1543521096294
1543521096320
1543521096352
1543521096383
1543521096415
1543521096438
1543521096463
1543521096493
1543521096523
1543521096549
1543521096572
1543521096601
1543521096633
1543521096666
1543521096699
1543521096730
1543521096756
1543521096789
1543521096816
1543521096846
1543521096869
1543521096894
1543521096922
1543521096948
1543521096976
1543521097005
1543521097029
1543521097059
1543521097090
1543521097134
1543521097159
1543521097184
1543521097215
1543521097245
1543521097276
1543521097298
1543521097323
1543521097349
1543521097382
1543521097419
1543521097446
1543521097470
1543521097500
1543521097531
1543521097562
1543521097588
1543521097617
1543521097645
1543521097677
1543521097710
1543521097734
1543521097768
1543521097800
1543521097831
1543521097866
1543521097895
1543521097919
1543521097948
1543521097975
1543521098006
1543521098028
1543521098052
1543521098086
1543521098115
1543521098148
1543521098176
1543521098201
1543521098229
1543521098261
1543521098289
1543521098315
1543521098339
1543521098375
1543521098411
1543521098440
1543521098466
1543521098495
1543521098525
1543521098556
1543521098587
1543521098614
1543521098642
1543521098678
1543521098709
1543521098741
1543521098768
1543521098797
1543521098829
1543521098859
1543521098888
1543521098914
1543521098942
1543521098970
1543521098999
1543521099030
1543521099058
1543521099080
1543521099107
1543521099135
1543521099163
1543521099188
1543521099210
1543521099238
1543521099269
1543521099299
1543521099326
1543521099348
1543521099379
1543521099408
1543521099440
1543521099464
1543521099488
1543521099515
1543521099541
1543521099573
1543521099600
1543521099628
1543521099660
1543521099699
1543521099732
1543521099764
1543521099790
1543521099820
1543521099849
1543521099877
1543521099902
1543521099926
1543521099957
1543521099992
1543521100018
1543521100040
1543521100068
1543521100094
1543521100127
1543521100159
1543521100186
1543521100210
1543521100237
1543521100264
1543521100299
1543521100325
1543521100349
1543521100387
1543521100414
1543521100443
1543521100466
1543521100493
1543521100537
1543521100572
1543521100600
1543521100622
1543521100649
1543521100682
1543521100711
1543521100738
1543521100765
1543521100791
1543521100825
1543521100856
1543521100885
1543521100910
1543521100939
1543521100967
