1541632654145
1541632654270
1541632654313
1541632654634
1541632654720
1541632654801
1541632654881
1541632655165
1541632655454
1541632655615
1541632655700
1541632655781
1541632655863
1541632656066
1541632656191
1541632656317
1541632656680
1541632656842
1541632656887
1541632656964
1541632657045
1541632657131
1541632657333
1541632657535
1541632657662
1541632657904
1541632658070
1541632658193
1541632658395
1541632658561
1541632658764
1541632658930
1541632659053
1541632659136
1541632659253
1541632659375
1541632659460
1541632659505
1541632659662
1541632659785
1541632659951
1541632660073
1541632660157
1541632660239
1541632660403
1541632660524
1541632660644
1541632660728
1541632660814
1541632660933
1541632661054
1541632661180
1541632661264
1541632661385
1541632661504
1541632661625
1541632661753
1541632661996
1541632662241
1541632662403
1541632662650
1541632662813
1541632662897
1541632662978
1541632663101
1541632663302
1541632663466
1541632663554
1541632663594
1541632663672
1541632663753
1541632663837
1541632663878
1541632663917
1541632663997
1541632664081
1541632664163
1541632664325
1541632664368
1541632664445
1541632664530
1541632664611
1541632664695
1541632664737
1541632664815
1541632664895
1541632664981
1541632665065
1541632665265
1541632665390
1541632665511
1541632665633
1541632665681
1541632665722
1541632665839
1541632665965
1541632666047
1541632666131
1541632666175
1541632666331
1541632666457
1541632666578
1541632666790
1541632666871
1541632666989
1541632667154
1541632667278
1541632667362
1541632667443
1541632667606
1541632667727
1541632667890
1541632668019
1541632668101
1541632668183
1541632668304
1541632668385
1541632668508
1541632668592
1541632668673
1541632668793
1541632668916
1541632668959
1541632669083
1541632669203
1541632669285
1541632669365
1541632669409
1541632669449
1541632669527
1541632669608
1541632669693
1541632669737
1541632669818
1541632669937
1541632670062
1541632670184
1541632670227
1541632670306
1541632670386
1541632670467
1541632670552
1541632670596
1541632670636
1541632670714
1541632670795
1541632670876
1541632670920
1541632670961
1541632671043
1541632671246
1541632671371
1541632671574
1541632671659
1541632671781
1541632671903
1541632672026
1541632672152
1541632672272
1541632672394
1541632672520
1541632672642
1541632672685
1541632672804
1541632672930
1541632673053
1541632673173
1541632673216
1541632673298
1541632673417
1541632673542
1541632673664
1541632673708
1541632673788
1541632673911
1541632674034
1541632674160
1541632674243
1541632674325
1541632674444
1541632674529
1541632674651
1541632674694
1541632674895
1541632675020
1541632675224
1541632675391
1541632675433
1541632675713
1541632675839
1541632675920
1541632676042
1541632676085
1541632676166
1541632676289
1541632676410
1541632676533
1541632676616
1541632676697
1541632676860
1541632676983
1541632677103
1541632677187
1541632677273
1541632677391
1541632677512
1541632677596
1541632677637
1541632677757
1541632677841
1541632677964
1541632678043
1541632678127
1541632678251
1541632678331
1541632678453
1541632678533
1541632678617
1541632678702
1541632678822
1541632678943
1541632679064
1541632679152
1541632679233
1541632679352
1541632679433
1541632679513
1541632679557
1541632679602
1541632679679
1541632679802
1541632679883
1541632679971
1541632680053
1541632680172
1541632680298
1541632680420
1541632680503
1541632680584
1541632680706
1541632680869
1541632681037
1541632681120
1541632681199
1541632681320
1541632681440
1541632681564
1541632681769
1541632682016
1541632682179
1541632682341
1541632682464
1541632682591
1541632682713
1541632682831
1541632682993
1541632683119
1541632683203
1541632683286
1541632683403
1541632683528
1541632683650
1541632683693
1541632683774
1541632683892
1541632683978
1541632684100
1541632684225
1541632684304
1541632684428
1541632684548
1541632684630
1541632684714
1541632684795
1541632684917
1541632685039
1541632685161
1541632685245
1541632685327
1541632685448
1541632685652
1541632685778
1541632685863
1541632685944
1541632686021
1541632686149
1541632686268
1541632686353
1541632686439
1541632686557
1541632686639
1541632686759
1541632686848
1541632686969
1541632687088
1541632687210
1541632687335
1541632687420
1541632687500
1541632687664
1541632687786
1541632687907
1541632688032
1541632688117
1541632688357
1541632688523
1541632688726
1541632688810
1541632688893
1541632689014
1541632689136
1541632689263
1541632689347
1541632689430
1541632689547
1541632689672
1541632689835
1541632689919
1541632690123
1541632690245
1541632690367
1541632690451
1541632690536
1541632690616
1541632690735
1541632690861
1541632690984
1541632691064
1541632691109
1541632691227
1541632691312
1541632691393
1541632691478
1541632691559
1541632691681
1541632691803
1541632691925
1541632692009
1541632692096
1541632692215
1541632692335
1541632692461
1541632692546
1541632692626
1541632692830
1541632692912
1541632692993
1541632693078
1541632693162
1541632693240
1541632693322
1541632693443
1541632693487
1541632693570
1541632693651
1541632693732
1541632693816
1541632693857
1541632693942
1541632694021
1541632694142
1541632694228
1541632694271
1541632694312
1541632694390
1541632694473
1541632694552
1541632694600
1541632694678
1541632694759
1541632694882
1541632695007
1541632695051
1541632695094
1541632695170
1541632695251
1541632695377
1541632695462
1541632695543
1541632695623
1541632695706
1541632695787
1541632695831
1541632695912
1541632696031
1541632696158
1541632696278
1541632696361
1541632696443
1541632696522
1541632696607
1541632696728
1541632696813
1541632696894
1541632697017
1541632697139
1541632697261
1541632697350
1541632697431
1541632697590
1541632697716
1541632697837
1541632697924
1541632698049
1541632698167
1541632698248
1541632698374
1541632698459
1541632698499
1541632698577
1541632698658
1541632698743
1541632698788
1541632698868
1541632698989
1541632699113
1541632699235
1541632699320
1541632699484
1541632699605
1541632699727
1541632699812
1541632699856
1541632699896
1541632700015
1541632700096
1541632700183
1541632700306
1541632700388
1541632700471
1541632700552
1541632700674
1541632700717
1541632700802
1541632700921
1541632701044
1541632701125
1541632701172
1541632701254
1541632701332
1541632701413
1541632701494
1541632701537
1541632701622
1541632701701
1541632701824
1541632701952
1541632701993
1541632702034
1541632702112
1541632702194
1541632702275
1541632702321
1541632702361
1541632702441
1541632702522
1541632702603
1541632702650
1541632702692
1541632702811
1541632702891
1541632703140
1541632703184
1541632703224
1541632703306
1541632703428
1541632703550
1541632703676
1541632703761
1541632703879
1541632704126
1541632704249
1541632704293
1541632704337
1541632704416
1541632704497
1541632704623
1541632704708
1541632704749
1541632704866
1541632704947
1541632705074
1541632705158
1541632705198
1541632705362
1541632705484
1541632705606
1541632705649
1541632705690
1541632705814
1541632705935
1541632706017
1541632706102
1541632706183
1541632706305
1541632706427
1541632706553
1541632706637
1541632706719
1541632706882
1541632707004
1541632707125
1541632707209
1541632707292
1541632707414
1541632707577
1541632707743
1541632707828
1541632707988
1541632708112
1541632708234
1541632708315
1541632708399
1541632708485
1541632708604
1541632708726
1541632708852
1541632708895
1541632708976
1541632709098
1541632709221
1541632709343
1541632709432
1541632709472
1541632709591
1541632709717
1541632709839
1541632709882
1541632709923
1541632710041
1541632710122
1541632710207
1541632710288
1541632710333
1541632710411
1541632710491
1541632710573
1541632710622
1541632710702
1541632710780
1541632710861
1541632710941
1541632710985
1541632711070
1541632711149
1541632711229
1541632711351
1541632711432
1541632711516
1541632711639
1541632711720
1541632711841
1541632711963
1541632712010
1541632712129
1541632712251
1541632712332
1541632712420
1541632712501
1541632712578
1541632712700
1541632712822
1541632713152
1541632713234
1541632713316
1541632713438
1541632713559
1541632713603
1541632713684
1541632713805
1541632713929
1541632714090
1541632714174
1541632714259
1541632714377
1541632714499
1541632714747
1541632714831
1541632714912
1541632715031
1541632715111
1541632715237
1541632715360
1541632715481
1541632715603
1541632715729
1541632715810
1541632715854
1541632715936
1541632716058
1541632716182
1541632716302
1541632716386
1541632716549
1541632716630
1541632716792
1541632716914
1541632717163
1541632717287
1541632717490
1541632717698
1541632717779
1541632717822
1541632717862
1541632717943
1541632718026
1541632718149
1541632718193
1541632718233
1541632718312
1541632718397
1541632718478
1541632718522
1541632718562
1541632718640
1541632718726
1541632718807
1541632718851
1541632718931
1541632719050
1541632719177
1541632719299
1541632719383
1541632719462
1541632719586
1541632719708
1541632719830
1541632719918
1541632720122
1541632720244
1541632720365
1541632720448
1541632720533
1541632720656
1541632720776
1541632720898
1541632721020
1541632721110
1541632721189
1541632721388
1541632721556
1541632721677
1541632721804
1541632721886
1541632722048
1541632722167
1541632722289
1541632722378
1541632722458
1541632722536
1541632722617
1541632722698
1541632722741
1541632722866
1541632722946
1541632723068
1541632723194
1541632723278
1541632723359
1541632723479
1541632723599
1541632723726
1541632723851
1541632723931
1541632724095
1541632724216
1541632724297
1541632724341
1541632724382
1541632724463
1541632724585
1541632724707
1541632724790
1541632724916
1541632725035
1541632725197
1541632725324
1541632725408
1541632725488
1541632725608
1541632725814
1541632725982
1541632726065
1541632726147
1541632726265
1541632726431
1541632726553
1541632726597
1541632726678
1541632726802
1541632727045
1541632727170
1541632727214
1541632727295
1541632727417
1541632727542
1541632727662
1541632727746
1541632727827
1541632728073
1541632728235
1541632728361
1541632728485
1541632728606
1541632728765
1541632728891
1541632729013
1541632729098
1541632729179
1541632729297
1541632729423
1541632729546
1541632729629
1541632729711
1541632729874
1541632729996
1541632730122
1541632730206
1541632730249
1541632730366
1541632730492
1541632730614
1541632730656
1541632730699
1541632730817
1541632730943
1541632731023
1541632731108
1541632731186
1541632731313
1541632731394
1541632731515
1541632731723
1541632731807
1541632731965
1541632732086
1541632732211
1541632732295
1541632732378
1541632732495
1541632732621
1541632732742
1541632732786
1541632732867
1541632732985
1541632733111
1541632733232
1541632733316
1541632733398
1541632733520
1541632733601
1541632733724
1541632733807
1541632733888
1541632734007
1541632734132
1541632734254
1541632734338
1541632734420
1541632734541
1541632734663
1541632734825
1541632734910
1541632734993
1541632735113
1541632735234
1541632735360
1541632735444
1541632735526
1541632735604
1541632735730
1541632735813
1541632735895
1541632735977
1541632736100
1541632736221
1541632736344
1541632736434
1541632736513
1541632736632
1541632736758
1541632736882
1541632736923
1541632736964
1541632737084
1541632737168
1541632737250
1541632737333
1541632737415
1541632737534
1541632737660
1541632737781
1541632737870
1541632737951
1541632738070
1541632738237
1541632738358
1541632738442
1541632738525
1541632738687
1541632738808
1541632738931
1541632738973
1541632739017
1541632739137
1541632739218
1541632739300
1541632739343
1541632739428
1541632739550
1541632739670
1541632739795
1541632739880
1541632739960
1541632740083
1541632740205
1541632740372
1541632740456
1541632740537
1541632740656
1541632740737
1541632740863
1541632740948
1541632741028
1541632741147
1541632741272
1541632741353
1541632741397
1541632741478
1541632741597
1541632741722
1541632741803
1541632741887
1541632741969
1541632742095
1541632742213
1541632742334
1541632742418
1541632742503
1541632742621
1541632742744
1541632742905
1541632742993
1541632743119
1541632743274
1541632743436
1541632743562
1541632743647
1541632743726
1541632743846
1541632744011
1541632744173
1541632744257
1541632744379
1541632744502
1541632744623
1541632744746
1541632744828
1541632744914
1541632745032
1541632745195
1541632745316
1541632745405
1541632745445
1541632745565
1541632745645
1541632745766
1541632745854
1541632745935
1541632746054
1541632746136
1541632746261
1541632746305
1541632746346
1541632746423
1541632746504
1541632746585
1541632746628
1541632746711
1541632746793
1541632746873
1541632746994
1541632747038
1541632747119
1541632747322
1541632747444
1541632747526
1541632747614
1541632747814
1541632747897
1541632748015
1541632748097
1541632748141
1541632748224
1541632748344
1541632748465
1541632748546
1541632748637
1541632748716
1541632748876
1541632748997
1541632749081
1541632749166
1541632749246
1541632749365
1541632749487
1541632749612
1541632749737
1541632749816
1541632749980
1541632750061
1541632750182
1541632750304
1541632750394
1541632750512
1541632750634
1541632750760
1541632750844
1541632750925
1541632751048
1541632751258
1541632751459
1541632751527
1541632751596
1541632751736
1541632751889
1541632751990
1541632752134
1541632752195
1541632752274
1541632752358
1541632752479
1541632752523
1541632752682
1541632752762
1541632752888
1541632752969
1541632753054
1541632753213
1541632753293
1541632753380
1541632753459
1541632753503
1541632753544
1541632753625
1541632753703
1541632753789
1541632753831
1541632753871
1541632753950
1541632754071
1541632754152
1541632754241
1541632754281
1541632754359
1541632754482
1541632754561
1541632754646
1541632754692
1541632754810
1541632754930
1541632755051
1541632755094
1541632755135
1541632755258
1541632755340
1541632755420
1541632755505
1541632755590
1541632755710
1541632755832
1541632755997
1541632756081
1541632756122
1541632756242
1541632756367
1541632756448
1541632756492
1541632756533
1541632756651
1541632756737
1541632756859
1541632756946
1541632757028
1541632757148
1541632757269
1541632757395
1541632757480
1541632757561
1541632757680
1541632757803
1541632757926
1541632758012
1541632758091
1541632758211
1541632758334
1541632758419
1541632758501
1541632758582
1541632758782
1541632758875
1541632758992
1541632759073
1541632759153
1541632759272
1541632759393
1541632759518
1541632759602
1541632759643
1541632759762
1541632759843
1541632759930
1541632760009
1541632760096
1541632760211
1541632760294
1541632760373
1541632760460
1541632760503
1541632760620
1541632760904
1541632761027
1541632761073
1541632761154
1541632761273
1541632761354
1541632761434
1541632761482
1541632761563
1541632761681
1541632761804
1541632761930
1541632762012
1541632762096
1541632762254
1541632762375
1541632762663
1541632762746
1541632762827
1541632762949
1541632763112
1541632763233
1541632763317
1541632763403
1541632763521
1541632763644
1541632763764
1541632763853
1541632763934
1541632764052
1541632764173
1541632764295
1541632764383
1541632764464
1541632764585
1541632764709
1541632764830
1541632764915
1541632764994
1541632765128
1541632765280
1541632765402
1541632765486
1541632765615
1541632765771
1541632765937
1541632766061
1541632766145
1541632766227
1541632766350
1541632766470
1541632766553
1541632766673
1541632766795
1541632766878
1541632766959
1541632767041
1541632767164
1541632767207
1541632767329
1541632767410
1541632767534
1541632767576
1541632767621
1541632767739
1541632767821
1541632767902
1541632767986
1541632768072
1541632768189
1541632768311
1541632768473
1541632768557
1541632768682
1541632768804
1541632768928
1541632769130
1541632769176
1541632769215
1541632769334
1541632769414
1541632769501
1541632769543
1541632769584
1541632769662
1541632769746
1541632769824
1541632769873
1541632770032
1541632770113
1541632770279
1541632770401
1541632770444
1541632770484
1541632770567
1541632770648
1541632770731
1541632770774
1541632770814
1541632770898
1541632771468
1541632771552
1541632771635
1541632771677
1541632771764
1541632771837
1541632771918
1541632771961
1541632772124
1541632772202
1541632772288
1541632772369
1541632772413
1541632772455
1541632772571
1541632772698
1541632772820
1541632772903
1541632772988
1541632773107
1541632773310
1541632773401
1541632773527
1541632773602
1541632773681
1541632773810
1541632773928
1541632774018
1541632774138
1541632774301
1541632774425
1541632774505
1541632774595
1541632774671
1541632774793
1541632774916
1541632775041
1541632775120
1541632775209
1541632775325
1541632775452
1541632775573
1541632775657
1541632775698
1541632775861
1541632775983
1541632776107
1541632776237
1541632776359
1541632776476
1541632776600
1541632776722
1541632776848
1541632776929
1541632777094
1541632777258
1541632777423
1541632777550
1541632777672
1541632777837
1541632778042
1541632778207
1541632778289
1541632778456
1541632778617
1541632778781
1541632778945
1541632779069
1541632779190
1541632779313
1541632779475
1541632779596
1541632779724
1541632779848
1541632780010
1541632780172
1541632780295
1541632780378
1541632780502
1541632780704
1541632780828
1541632780992
1541632781199
1541632781321
1541632781483
1541632781604
1541632781772
1541632781812
1541632781935
1541632782094
1541632782219
1541632782341
1541632782474
1541632782507
1541632782584
1541632782667
1541632782835
1541632782874
1541632782917
1541632783046
1541632783201
1541632783284
1541632783368
1541632783536
1541632783648
1541632783820
1541632783940
1541632784017
1541632784153
1541632784262
1541632784350
1541632784511
1541632784631
1541632784673
1541632784792
1541632784917
1541632785036
1541632785125
1541632785204
1541632785283
1541632785450
1541632785573
1541632785655
1541632785736
1541632785900
1541632786062
1541632786226
1541632786353
1541632786434
1541632786594
1541632786719
1541632786884
1541632786965
1541632787047
1541632787206
1541632787332
1541632787455
1541632787577
1541632787622
1541632787742
1541632787864
1541632788029
1541632788113
1541632788234
1541632788399
1541632788520
1541632788648
1541632788766
1541632788970
1541632789133
1541632789299
1541632789462
1541632789586
1541632789753
1541632789871
1541632790200
1541632790363
1541632790532
1541632790654
1541632790981
1541632791182
1541632791309
1541632791394
1541632791475
1541632791637
1541632791759
1541632791921
1541632792051
1541632792174
1541632792333
1541632792498
1541632792662
1541632792791
1541632792991
1541632793112
1541632793240
1541632793358
1541632793483
1541632793606
1541632793930
1541632794140
1541632794299
1541632794385
1541632794511
1541632794714
1541632794876
1541632794999
1541632795122
1541632795208
1541632795326
1541632795493
1541632795615
1541632795703
1541632795784
1541632795903
1541632796031
1541632796151
1541632796196
1541632796239
1541632796359
1541632796479
1541632796562
1541632796605
1541632796649
1541632796769
1541632796891
1541632797013
1541632797062
1541632797141
1541632797301
1541632797423
1541632797548
1541632797673
1541632797756
1541632797877
1541632797999
1541632798122
1541632798207
1541632798290
1541632798409
1541632798533
1541632798658
1541632798741
1541632798824
1541632798946
1541632799068
1541632799189
1541632799274
1541632799358
1541632799477
1541632799600
1541632799685
1541632799729
1541632799768
1541632799847
1541632799973
1541632800095
1541632800179
1541632800260
1541632800420
1541632800504
1541632800587
1541632800629
1541632800671
1541632800756
1541632800874
1541632800955
1541632801039
1541632801079
1541632801158
1541632801243
1541632801365
1541632801487
1541632801570
1541632801694
1541632801815
1541632801938
1541632801980
1541632802227
1541632802347
1541632802471
1541632802591
1541632802678
1541632802759
1541632802877
1541632802999
1541632803125
1541632803247
1541632803330
1541632803450
1541632803575
1541632803697
1541632803821
1541632803902
1541632804026
1541632804146
1541632804269
1541632804481
1541632804560
1541632804722
1541632804844
1541632804968
1541632805056
1541632805136
1541632805256
1541632805376
1541632805503
1541632805707
1541632805750
1541632805871
1541632805953
1541632806074
1541632806159
1541632806238
1541632806358
1541632806438
1541632806564
1541632806648
1541632806851
1541632806930
1541632807055
1541632807178
1541632807220
1541632807301
1541632807420
1541632807505
1541632807631
1541632807711
1541632807791
1541632807911
1541632807996
1541632808117
1541632808201
1541632808242
1541632808360
1541632808486
1541632808606
1541632808690
1541632808772
1541632808855
1541632808936
1541632809056
1541632809100
1541632809141
1541632809260
1541632809467
1541632809548
1541632809632
1541632809713
1541632809831
1541632809961
1541632810079
1541632810164
1541632810242
1541632810366
1541632810528
1541632810653
1541632810778
1541632810819
1541632810898
1541632811018
1541632811144
1541632811228
1541632811308
1541632811427
1541632811549
1541632811674
1541632811758
1541632811880
1541632812001
1541632812126
1541632812245
1541632812331
1541632812412
1541632812529
1541632812654
1541632812776
1541632812858
1541632812941
1541632813105
1541632813226
1541632813350
1541632813477
1541632813557
1541632813676
1541632813800
1541632813923
1541632814048
1541632814131
1541632814249
1541632814373
1541632814536
1541632814621
1541632814705
1541632814783
1541632814864
1541632814988
1541632815072
1541632815152
1541632815396
