1543521101015
1543521101042
1543521101065
1543521101100
1543521101132
1543521101165
1543521101196
1543521101218
1543521101240
1543521101265
1543521101291
1543521101317
1543521101342
1543521101366
1543521101396
1543521101424
1543521101451
1543521101477
1543521101503
1543521101538
1543521101568
1543521101599
1543521101621
1543521101643
1543521101672
1543521101697
1543521101724
1543521101749
1543521101771
1543521101797
1543521101825
1543521101855
1543521101883
1543521101911
1543521101940
1543521101970
1543521102001
1543521102024
1543521102048
1543521102078
1543521102108
1543521102133
1543521102159
1543521102185
1543521102213
1543521102243
1543521102272
1543521102297
1543521102322
1543521102348
1543521102378
1543521102408
1543521102433
1543521102457
1543521102486
1543521102514
1543521102541
1543521102562
1543521102584
1543521102610
1543521102641
1543521102698
1543521102719
1543521102742
1543521102772
1543521102806
1543521102838
1543521102870
1543521102899
1543521102929
1543521102958
1543521102988
1543521103039
1543521103068
1543521103092
1543521103140
1543521103173
1543521103200
1543521103221
1543521103253
1543521103284
1543521103315
1543521103336
1543521103358
1543521103388
1543521103411
1543521103435
1543521103460
1543521103483
1543521103507
1543521103545
1543521103573
1543521103600
1543521103630
1543521103656
1543521103682
1543521103709
1543521103730
1543521103759
1543521103785
1543521103810
1543521103834
1543521103857
1543521103880
1543521103906
1543521103932
1543521103959
1543521103980
1543521104003
1543521104029
1543521104055
1543521104086
1543521104108
1543521104130
1543521104160
1543521104190
1543521104216
1543521104237
1543521104260
1543521104290
1543521104320
1543521104349
1543521104372
1543521104394
1543521104425
1543521104451
1543521104477
1543521104498
1543521104521
1543521104552
1543521104579
1543521104610
1543521104631
1543521104654
1543521104688
1543521104715
1543521104740
1543521104761
1543521104788
1543521104817
1543521104849
1543521104878
1543521104900
1543521104922
1543521104947
1543521104975
1543521105001
1543521105023
1543521105045
1543521105069
1543521105100
1543521105129
1543521105153
1543521105179
1543521105209
1543521105242
1543521105272
1543521105326
1543521105356
1543521105409
1543521105440
1543521105492
1543521105520
1543521105544
1543521105571
1543521105596
1543521105627
1543521105651
1543521105672
1543521105701
1543521105728
1543521105758
1543521105781
1543521105805
1543521105830
1543521105857
1543521105883
1543521105905
1543521105926
1543521105957
1543521105987
1543521106016
1543521106039
1543521106061
1543521106085
1543521106111
1543521106137
1543521106159
1543521106182
1543521106213
1543521106242
1543521106268
1543521106291
1543521106312
1543521106345
1543521106370
1543521106400
1543521106422
1543521106444
1543521106472
1543521106498
1543521106528
1543521106555
1543521106579
1543521106608
1543521106639
1543521106664
1543521106686
1543521106711
1543521106739
1543521106769
1543521106801
1543521106823
1543521106844
1543521106869
1543521106900
1543521106927
1543521106949
1543521106976
1543521107002
1543521107032
1543521107057
1543521107079
1543521107103
1543521107131
1543521107159
1543521107189
1543521107209
1543521107232
1543521107261
1543521107290
1543521107321
1543521107354
1543521107379
1543521107410
1543521107441
1543521107475
1543521107496
1543521107524
1543521107556
1543521107582
1543521107609
1543521107631
1543521107653
1543521107685
1543521107717
1543521107743
1543521107765
1543521107786
1543521107817
1543521101017
1543521101050
1543521101072
1543521101100
1543521101134
1543521101169
1543521101206
1543521101228
1543521101250
1543521101281
1543521101311
1543521101342
1543521101368
1543521101393
1543521101420
1543521101446
1543521101477
1543521101503
1543521101524
1543521101551
1543521101581
1543521101612
1543521101634
1543521101658
1543521101685
1543521101712
1543521101742
1543521101765
1543521101788
1543521101819
1543521101849
1543521101880
1543521101911
1543521101937
1543521101968
1543521101993
1543521102020
1543521102042
1543521102063
1543521102095
1543521102128
1543521102158
1543521102181
1543521102204
1543521102235
1543521102263
1543521102294
1543521102317
1543521102340
1543521102370
1543521102405
1543521102430
1543521102455
1543521102478
1543521102508
1543521102535
1543521102564
1543521102590
1543521102615
1543521102643
1543521102700
1543521102729
1543521102751
1543521102774
1543521102804
1543521102837
1543521102870
1543521102892
1543521102915
1543521102946
1543521102978
1543521103039
1543521103060
1543521103085
1543521103140
1543521103171
1543521103205
1543521103228
1543521103254
1543521103286
1543521103316
1543521103347
1543521103374
1543521103396
1543521103427
1543521103456
1543521103487
1543521103509
1543521103536
1543521103567
1543521103592
1543521103623
1543521103646
1543521103669
1543521103697
1543521103728
1543521103756
1543521103776
1543521103798
1543521103829
1543521103860
1543521103889
1543521103909
1543521103933
1543521103965
1543521103991
1543521104017
1543521104039
1543521104066
1543521104091
1543521104118
1543521104146
1543521104167
1543521104194
1543521104221
1543521104247
1543521104272
1543521104294
1543521104317
1543521104342
1543521104376
1543521104405
1543521104430
1543521104452
1543521104487
1543521104514
1543521104549
1543521104572
1543521104596
1543521104627
1543521104652
1543521104684
1543521104707
1543521104734
1543521104760
1543521104786
1543521104816
1543521104839
1543521104863
1543521104887
1543521104917
1543521104945
1543521104967
1543521104989
1543521105018
1543521105048
1543521105075
1543521105099
1543521105120
1543521105151
1543521105178
1543521105204
1543521105226
1543521105248
1543521105275
1543521105305
1543521105335
1543521105357
1543521105386
1543521105416
1543521105447
1543521105479
1543521105501
1543521105523
1543521105552
1543521105584
1543521105614
1543521105634
1543521105655
1543521105682
1543521105715
1543521105746
1543521105773
1543521105795
1543521105822
1543521105848
1543521105873
1543521105899
1543521105922
1543521105957
1543521105990
1543521106019
1543521106045
1543521106066
1543521106091
1543521106117
1543521106142
1543521106162
1543521106188
1543521106217
1543521106244
1543521106273
1543521106300
1543521106321
1543521106351
1543521106383
1543521106412
1543521106436
1543521106457
1543521106486
1543521106510
1543521106542
1543521106564
1543521106587
1543521106615
1543521106645
1543521106676
1543521106701
1543521106722
1543521106750
1543521106783
1543521106814
1543521106835
1543521106858
1543521106888
1543521106920
1543521106946
1543521106967
1543521106991
1543521107021
1543521107051
1543521107076
1543521107098
1543521107120
1543521107152
1543521107177
1543521107202
1543521107223
1543521107246
1543521107275
1543521107303
1543521107336
1543521107359
1543521107380
1543521107412
1543521107443
1543521107475
1543521107496
1543521107516
1543521107546
1543521107577
1543521107609
1543521107639
1543521107662
1543521107691
1543521107720
1543521107747
1543521107770
1543521107792
1543521107819
