1541367254059
1541367254094
1541367254117
1541367254138
1541367254176
1541367254205
1541367254238
1541367254260
1541367254280
1541367254321
1541367254358
1541367254391
1541367254413
1541367254436
1541367254482
1541367254524
1541367254566
1541367254588
1541367254609
1541367254650
1541367254688
1541367254732
1541367254757
1541367254783
1541367254825
1541367254862
1541367254894
1541367254915
1541367254940
1541367254984
1541367255023
1541367255056
1541367255077
1541367255103
1541367255139
1541367255178
1541367255210
1541367255230
1541367255257
1541367255291
1541367255323
1541367255361
1541367255387
1541367255411
1541367255444
1541367255475
1541367255514
1541367255536
1541367255559
1541367255591
1541367255628
1541367255663
1541367255690
1541367255721
1541367255772
1541367255810
1541367255840
1541367255861
1541367255888
1541367255924
1541367255958
1541367255993
1541367256016
1541367256041
1541367256089
1541367256127
1541367256164
1541367256186
1541367256212
1541367256248
1541367256286
1541367256322
1541367256343
1541367256365
1541367256401
1541367256440
1541367256480
1541367256503
1541367256528
1541367256567
1541367256601
1541367256635
1541367256657
1541367256679
1541367256717
1541367256765
1541367256804
1541367256824
1541367256846
1541367256885
1541367256924
1541367256964
1541367256987
1541367257008
1541367257039
1541367257083
1541367257114
1541367257136
1541367257161
1541367257213
1541367257272
1541367257305
1541367257329
1541367257347
1541367257381
1541367257412
1541367257442
1541367257460
1541367257480
1541367257514
1541367257550
1541367257592
1541367257611
1541367257630
1541367257661
1541367257698
1541367257736
1541367257761
1541367257782
1541367257827
1541367257856
1541367257891
1541367257912
1541367257934
1541367257966
1541367258002
1541367258032
1541367258051
1541367258074
1541367258108
1541367258146
1541367258182
1541367258201
1541367258225
1541367258259
1541367258292
1541367258327
1541367258344
1541367258367
1541367258397
1541367258428
1541367258462
1541367258482
1541367258502
1541367258540
1541367258572
1541367258602
1541367258621
1541367258644
1541367258673
1541367258704
1541367258734
1541367258760
1541367258777
1541367258812
1541367258841
1541367258872
1541367258891
1541367258909
1541367258938
1541367258975
1541367259008
1541367259027
1541367259047
1541367259076
1541367259105
1541367259142
1541367259161
1541367259179
1541367259213
1541367259247
1541367259277
1541367259299
1541367259317
1541367259359
1541367259394
1541367259426
1541367259446
1541367259464
1541367259501
1541367259537
1541367259569
1541367259592
1541367259617
1541367259653
1541367259684
1541367259720
1541367259737
1541367259757
1541367259796
1541367259833
1541367259868
1541367259888
1541367259906
1541367259942
1541367259975
1541367260012
1541367260029
1541367260047
1541367260085
1541367260137
1541367260167
1541367260187
1541367260206
1541367260240
1541367260272
1541367260309
1541367260328
1541367260352
1541367260390
1541367260438
1541367260471
1541367260490
1541367260511
1541367260541
1541367260579
1541367260618
1541367260639
1541367260661
1541367260692
1541367260724
1541367260760
1541367260781
1541367260799
1541367260837
1541367260872
1541367260908
1541367260928
1541367260946
1541367260979
1541367261017
1541367261050
1541367261071
1541367261092
1541367261120
1541367261153
1541367261189
1541367261208
1541367261234
1541367261268
1541367261302
1541367261340
1541367261360
1541367261380
1541367261412
1541367261447
1541367261481
1541367261504
1541367261524
1541367261569
1541367261604
1541367261640
1541367261665
1541367261690
1541367261733
1541367261767
1541367261796
1541367261816
1541367261842
1541367261876
1541367261909
1541367261956
1541367261978
1541367261995
1541367262029
1541367262065
1541367262111
1541367262132
1541367262151
1541367262191
1541367262229
1541367262267
1541367262285
1541367262308
1541367262341
1541367262384
1541367262419
1541367262438
1541367262458
1541367262501
1541367262546
1541367262579
1541367262599
1541367262621
1541367262668
1541367262702
1541367262739
1541367262760
1541367262778
1541367262823
1541367262860
1541367262888
1541367262908
1541367262933
1541367262973
1541367263016
1541367263054
1541367263081
1541367263125
1541367263165
1541367263206
1541367263243
1541367263265
1541367263285
1541367263326
1541367263357
1541367263385
1541367263403
1541367263424
1541367263465
1541367263499
1541367263529
1541367263549
1541367263572
1541367263610
1541367263644
1541367263677
1541367263696
1541367263717
1541367263752
1541367263786
1541367263822
1541367263842
1541367263862
1541367263897
1541367263928
1541367263959
1541367263978
1541367263996
1541367264028
1541367264061
1541367264100
1541367264120
1541367264142
1541367264177
1541367264209
1541367264245
1541367264269
1541367264288
1541367264323
1541367264359
1541367264399
1541367264425
1541367264445
1541367264482
1541367264514
1541367264547
1541367264570
1541367264589
1541367264621
1541367264661
1541367264695
1541367264716
1541367264737
1541367264774
1541367264814
1541367264845
1541367264870
1541367264890
1541367264928
1541367264959
1541367264994
1541367265016
1541367265037
1541367265074
1541367265109
1541367265147
1541367265165
1541367265186
1541367265225
1541367265259
1541367265295
1541367265314
1541367265334
1541367265365
1541367265402
1541367265433
1541367265454
1541367265472
1541367265499
1541367265532
1541367265567
1541367265586
1541367265608
1541367265638
1541367265670
1541367265703
1541367265722
1541367265746
1541367265781
1541367265818
1541367265857
1541367265876
1541367265898
1541367265933
1541367265966
1541367266003
1541367266029
1541367266054
1541367266097
1541367266133
1541367266171
1541367266192
1541367266215
1541367266255
1541367266300
1541367266341
1541367266366
1541367266388
1541367266425
1541367266460
1541367266493
1541367266517
1541367266539
1541367266573
1541367266607
1541367266640
1541367266661
1541367266684
1541367266721
1541367266754
1541367266792
1541367266811
1541367266836
1541367266866
1541367266900
1541367266939
1541367266957
1541367266975
1541367267013
1541367267050
1541367267087
1541367267106
1541367267127
1541367267159
1541367267198
1541367267238
1541367267260
1541367267282
1541367267315
1541367267355
1541367267391
1541367267410
1541367267433
1541367267469
1541367267501
1541367267536
1541367267556
1541367267577
1541367267619
1541367267657
1541367267690
1541367267710
1541367267731
1541367267762
1541367267801
1541367267837
1541367267857
1541367267876
1541367267914
1541367267952
1541367267988
1541367268007
1541367268028
1541367268071
1541367268102
1541367268139
1541367268158
1541367268180
1541367268213
1541367268251
1541367268289
1541367268309
1541367268328
1541367268359
1541367268397
1541367268432
1541367268456
1541367268475
1541367268508
1541367268546
1541367268579
1541367268599
1541367268618
1541367268648
1541367268684
1541367268719
1541367268740
1541367268760
1541367268796
1541367268832
1541367268867
1541367268885
1541367268903
1541367268939
1541367268975
1541367269003
1541367269051
1541367269070
1541367269106
1541367269144
1541367269182
1541367269201
1541367269222
1541367269259
1541367269297
1541367269334
1541367269356
1541367269380
1541367269414
1541367269453
1541367269491
1541367269510
1541367269557
1541367269590
1541367269618
1541367269654
1541367269673
1541367269691
1541367269720
1541367269755
1541367269785
1541367269807
1541367269825
1541367269860
1541367269893
1541367269923
1541367269942
1541367269964
1541367269996
1541367270033
1541367270070
1541367270091
1541367270111
1541367270152
1541367270190
1541367270229
1541367270250
1541367270270
1541367270309
1541367270351
1541367270388
1541367270407
1541367270426
1541367270462
1541367270495
1541367270530
1541367270550
1541367270573
1541367270610
1541367270640
1541367270670
1541367270690
1541367270712
1541367270744
1541367270778
1541367270817
1541367270838
1541367270858
1541367270897
1541367270930
1541367270973
1541367270995
1541367271014
1541367271048
1541367271082
1541367271117
1541367271138
1541367271162
1541367271200
1541367271229
1541367271262
1541367271284
1541367271305
1541367271341
1541367271377
1541367271418
1541367271438
1541367271460
1541367271504
1541367271541
1541367271581
1541367271603
1541367271623
1541367271655
1541367271687
1541367271719
1541367271740
1541367271761
1541367271800
1541367271832
1541367271864
1541367271884
1541367271903
1541367271941
1541367271981
1541367272022
1541367272041
1541367272062
1541367272102
1541367272144
1541367272215
1541367272236
1541367272262
1541367272298
1541367272332
1541367272370
1541367272394
1541367272418
1541367272452
1541367272486
1541367272521
1541367272540
1541367272560
1541367272592
1541367272622
1541367272657
1541367272681
1541367272704
1541367272734
1541367272774
1541367272810
1541367272838
1541367272857
1541367272890
1541367272931
1541367272970
1541367272995
1541367273014
1541367273049
1541367273081
1541367273115
1541367273133
1541367273151
1541367273188
1541367273220
1541367273249
1541367273269
1541367273293
1541367273327
1541367273359
1541367273387
1541367273407
1541367273425
1541367273461
1541367273496
1541367273529
1541367273547
1541367273565
1541367273599
1541367273633
1541367273666
1541367273693
1541367273714
1541367273748
1541367273779
1541367273808
1541367273831
1541367273851
1541367273889
1541367273921
1541367273959
1541367273978
1541367274000
1541367274039
1541367274080
1541367274111
1541367274132
1541367274152
1541367274191
1541367274226
1541367274265
1541367274289
1541367274307
1541367274338
1541367274369
1541367274408
1541367274429
1541367274453
1541367274486
1541367274514
1541367274551
1541367274575
1541367274596
1541367274630
1541367274661
1541367274691
1541367274709
1541367274727
1541367274764
1541367274798
1541367274828
1541367274846
1541367274868
1541367274904
1541367274934
1541367274967
1541367274987
1541367275009
1541367275039
1541367275073
1541367275130
1541367275151
1541367275169
1541367275206
1541367275237
1541367275271
1541367275290
1541367275307
1541367275336
1541367275371
1541367275405
1541367275428
1541367275450
1541367275483
1541367275519
1541367275554
1541367275577
1541367275598
1541367275629
1541367275664
1541367275705
1541367275723
1541367275749
1541367275786
1541367275816
1541367275847
1541367275869
1541367275887
1541367275922
1541367275951
1541367275980
1541367276001
1541367276021
1541367276054
1541367276092
1541367276123
1541367276141
1541367276160
1541367276192
1541367276221
1541367276251
1541367276270
1541367276287
1541367276317
1541367276352
1541367276381
1541367276400
1541367276421
1541367276455
1541367276492
1541367276520
1541367276537
1541367276555
1541367276593
1541367276628
1541367276656
1541367276679
1541367276701
1541367276733
1541367276776
1541367276812
1541367276832
1541367276850
1541367276889
1541367276925
1541367276961
1541367276983
1541367277008
1541367277040
1541367277071
1541367277105
1541367277125
1541367277144
1541367277182
1541367277220
1541367277258
1541367277282
1541367277302
1541367277338
1541367277372
1541367277409
1541367277431
1541367277451
1541367277488
1541367277523
1541367277554
1541367277575
1541367277599
1541367277628
1541367277657
1541367277687
1541367277709
1541367277731
1541367277767
1541367277801
1541367277836
1541367277859
1541367277884
1541367277925
1541367277966
1541367278001
1541367278030
1541367278057
1541367278094
1541367278133
1541367278163
1541367278188
1541367278210
1541367278250
1541367278286
1541367278322
1541367278340
1541367278365
1541367278402
1541367278440
1541367278475
1541367278525
1541367278544
1541367278580
1541367278611
1541367278655
1541367278683
1541367278704
1541367278741
1541367278776
1541367278808
1541367278827
1541367278845
1541367278879
1541367278913
1541367278946
1541367278963
1541367278986
1541367279020
1541367279056
1541367279086
1541367279107
1541367279125
1541367279160
1541367279188
1541367279216
1541367279238
1541367279256
1541367279292
1541367279328
1541367279363
1541367279386
1541367279408
1541367279437
1541367279473
1541367279504
1541367279530
1541367279548
1541367279581
1541367279614
1541367279647
1541367279670
1541367279689
1541367279734
1541367279762
1541367279797
1541367279820
1541367279844
1541367279879
1541367279910
1541367279940
1541367279964
1541367279986
1541367280019
1541367280054
1541367280088
1541367280113
1541367280133
1541367280167
1541367280202
1541367280234
1541367280254
1541367280276
1541367280304
1541367280334
1541367280366
1541367280386
1541367280406
1541367280444
1541367280473
1541367280507
1541367280526
1541367280556
1541367280598
1541367280636
1541367280671
1541367280696
1541367280714
1541367280752
1541367280793
1541367280830
1541367280851
1541367280872
1541367280904
1541367280939
1541367280975
1541367280994
1541367281012
1541367281069
1541367281100
1541367281131
1541367281153
1541367281174
1541367281209
1541367281246
1541367281279
1541367281302
1541367281322
1541367281362
1541367281400
1541367281432
1541367281452
1541367281470
1541367281506
1541367281536
1541367281573
1541367281597
1541367281619
1541367281655
1541367281686
1541367281718
1541367281737
1541367281756
1541367281798
1541367281831
1541367281866
1541367281884
1541367281907
1541367281946
1541367281984
1541367282016
1541367282035
1541367282057
1541367282100
1541367282132
1541367282168
1541367282189
1541367282215
1541367282253
1541367282286
1541367282320
1541367282342
1541367282367
1541367282404
1541367282434
1541367282467
1541367282490
1541367282510
1541367282537
1541367282580
1541367282616
1541367282635
1541367282664
1541367282699
1541367282737
1541367282771
1541367282789
1541367282807
1541367282836
1541367282865
1541367282901
1541367282922
1541367282940
1541367282974
1541367283015
1541367283048
1541367283065
1541367283083
1541367283115
1541367283155
1541367283193
1541367283218
1541367283235
1541367283265
1541367283293
1541367283325
1541367283343
1541367283363
1541367283392
1541367283425
1541367283461
1541367283480
1541367283500
1541367283536
1541367283566
1541367283602
1541367283622
1541367283642
1541367283678
1541367283712
1541367283743
1541367283768
1541367283790
1541367283827
1541367283857
1541367283892
1541367283912
1541367283934
1541367283970
1541367284000
1541367284030
1541367284053
1541367284078
1541367284118
1541367284151
1541367284186
1541367284206
1541367284225
1541367284256
1541367284285
1541367284319
1541367284367
1541367284386
1541367284422
1541367284454
1541367284488
1541367284508
1541367284530
1541367284568
1541367284607
1541367284639
1541367284662
1541367284687
1541367284722
1541367284758
1541367284800
1541367284824
1541367284847
1541367284885
1541367284921
1541367284952
1541367284972
1541367284993
1541367285027
1541367285062
1541367285093
1541367285114
1541367285136
1541367285171
1541367285209
1541367285240
1541367285261
1541367285283
1541367285315
1541367285347
1541367285389
1541367285409
1541367285438
1541367285467
1541367285503
1541367285540
1541367285563
1541367285582
1541367285615
1541367285652
1541367285683
1541367285703
1541367285723
1541367285764
1541367285807
1541367285842
1541367285868
1541367285886
1541367285924
1541367285960
1541367285993
1541367286012
1541367286033
1541367286073
1541367286105
1541367286143
1541367286163
1541367286183
1541367286217
1541367286259
1541367286295
1541367286316
1541367286338
1541367286378
1541367286408
1541367286444
1541367286464
1541367286484
1541367286528
1541367286564
1541367286604
1541367286629
1541367286648
1541367286686
1541367286724
1541367286761
1541367286781
1541367286801
1541367286846
1541367286884
1541367286923
1541367286942
1541367286962
1541367287002
1541367287044
1541367287084
1541367287110
1541367287153
1541367287185
1541367287220
1541367287258
1541367287277
1541367287296
1541367287330
1541367287364
1541367287398
1541367287418
1541367287437
1541367287476
1541367287510
1541367287545
1541367287567
1541367287589
1541367287624
1541367287656
1541367287687
1541367287712
1541367287738
1541367287774
1541367287810
1541367287838
1541367287858
1541367287878
1541367287915
1541367287958
1541367287991
1541367288011
1541367288031
1541367288061
1541367288091
1541367288131
1541367288153
1541367288174
1541367288209
1541367288245
1541367288275
1541367288298
1541367288323
1541367288360
1541367288407
1541367288445
1541367288470
1541367288494
1541367288524
1541367288559
1541367288596
1541367288614
1541367288634
1541367288669
1541367288705
1541367288743
1541367288769
1541367288796
1541367288829
1541367288861
1541367288889
1541367288915
1541367288935
1541367288965
1541367288998
1541367289031
1541367289055
1541367289075
1541367289111
1541367289144
1541367289182
1541367289207
1541367289227
1541367289261
1541367289296
1541367289326
1541367289348
1541367289369
1541367289401
1541367289439
1541367289476
1541367289497
1541367289521
1541367289557
1541367289590
1541367289621
1541367289643
1541367289663
1541367289696
1541367289725
1541367289757
1541367289787
1541367289810
1541367289846
1541367289882
1541367289913
1541367289939
1541367289961
1541367289995
1541367290029
1541367290062
1541367290082
1541367290106
1541367290143
1541367290174
1541367290206
1541367290225
1541367290249
1541367290286
1541367290319
1541367290351
1541367290401
1541367290421
1541367290454
1541367290487
1541367290517
1541367290539
1541367290559
1541367290596
1541367290630
1541367290666
1541367290685
1541367290704
1541367290733
1541367290768
1541367290802
1541367290825
1541367290851
1541367290881
1541367290916
1541367290952
1541367290971
1541367290994
1541367291029
1541367291066
1541367291105
1541367291129
1541367291148
1541367291186
1541367291219
1541367291255
1541367291280
1541367291304
1541367291335
1541367291369
1541367291404
1541367291430
1541367291447
1541367291478
1541367291524
1541367291561
1541367291587
1541367291604
1541367291639
1541367291676
1541367291708
1541367291731
1541367291752
1541367291787
1541367291823
1541367291861
1541367291888
1541367291908
1541367291948
1541367291987
1541367292022
1541367292044
1541367292070
1541367292112
1541367292141
1541367292179
1541367292204
1541367292225
1541367292264
1541367292296
1541367292330
1541367292352
1541367292375
1541367292426
1541367292460
1541367292496
1541367292518
1541367292544
1541367292579
1541367292617
1541367292654
1541367292677
1541367292707
1541367292748
1541367292786
1541367292819
1541367292847
1541367292866
1541367292905
1541367292942
1541367292976
1541367292998
1541367293020
1541367293058
1541367293094
1541367293150
1541367293168
1541367293190
1541367293226
1541367293261
1541367293292
1541367293312
1541367293334
1541367293366
1541367293400
1541367293436
1541367293457
1541367293483
1541367293519
1541367293548
1541367293582
1541367293599
1541367293620
1541367293653
1541367293687
1541367293723
1541367293743
1541367293770
1541367293805
1541367293840
1541367293871
1541367293890
1541367293908
1541367293938
1541367293972
1541367294002
1541367294023
1541367294047
1541367294079
1541367294113
1541367294143
1541367294170
1541367294190
1541367294224
1541367294258
1541367294288
1541367294306
1541367294326
1541367294366
1541367294403
1541367294441
1541367294459
1541367294478
1541367294521
1541367294557
1541367294586
1541367294609
1541367294628
1541367294662
1541367294695
1541367294724
1541367294742
1541367294769
1541367294812
1541367294847
1541367294881
1541367294906
1541367294927
1541367294959
1541367294998
1541367295026
1541367295048
1541367295068
1541367295108
1541367295149
1541367295179
1541367295200
1541367295223
1541367295252
1541367295292
1541367295323
1541367295348
1541367295372
1541367295402
1541367295437
1541367295471
1541367295494
1541367295515
1541367295548
1541367295581
1541367295610
1541367295633
1541367295654
1541367295687
1541367295724
1541367295761
1541367295780
1541367295805
1541367295835
1541367295871
1541367295904
1541367295923
1541367295945
1541367295983
1541367296024
1541367296061
1541367296087
1541367296107
1541367296137
1541367296172
1541367296202
1541367296224
1541367296246
1541367296276
1541367296312
1541367296344
1541367296365
1541367296414
1541367296447
1541367296482
1541367296521
1541367296545
1541367296567
1541367296604
1541367296635
1541367296670
1541367296689
1541367296709
1541367296746
1541367296781
1541367296818
1541367296838
1541367296859
1541367296892
1541367296926
1541367296957
1541367296981
1541367297005
1541367297039
1541367297078
1541367297116
1541367297137
1541367297159
1541367297199
1541367297234
1541367297269
1541367297290
1541367297317
1541367297348
1541367297381
1541367297411
1541367297433
1541367297453
1541367297483
1541367297519
1541367297551
1541367297575
1541367297595
1541367297635
1541367297674
1541367297705
1541367297725
1541367297749
1541367297793
1541367297828
1541367297868
1541367297889
1541367297913
1541367297952
1541367297991
1541367298027
1541367298046
1541367298065
1541367298102
1541367298138
1541367298175
1541367298196
1541367298216
1541367298250
1541367298282
1541367298310
1541367298331
1541367298354
1541367298401
1541367298434
1541367298470
1541367298488
1541367298511
1541367298553
1541367298588
1541367298622
1541367298642
1541367298668
1541367298714
1541367298753
1541367298791
1541367298814
1541367298834
1541367298873
1541367254042
1541367254074
1541367254096
1541367254123
1541367254164
1541367254197
1541367254234
1541367254255
1541367254276
1541367254317
1541367254352
1541367254393
1541367254417
1541367254440
1541367254482
1541367254525
1541367254571
1541367254592
1541367254614
1541367254650
1541367254693
1541367254730
1541367254751
1541367254777
1541367254815
1541367254852
1541367254888
1541367254909
1541367254929
1541367254961
1541367254994
1541367255028
1541367255051
1541367255071
1541367255109
1541367255149
1541367255183
1541367255205
1541367255224
1541367255262
1541367255296
1541367255328
1541367255351
1541367255373
1541367255415
1541367255456
1541367255492
1541367255514
1541367255536
1541367255582
1541367255621
1541367255657
1541367255686
1541367255713
1541367255752
1541367255793
1541367255829
1541367255850
1541367255873
1541367255918
1541367255958
1541367255993
1541367256017
1541367256041
1541367256089
1541367256126
1541367256161
1541367256180
1541367256200
1541367256244
1541367256282
1541367256323
1541367256349
1541367256376
1541367256416
1541367256451
1541367256481
1541367256502
1541367256521
1541367256564
1541367256600
1541367256639
1541367256663
1541367256684
1541367256721
1541367256759
1541367256798
1541367256818
1541367256839
1541367256879
1541367256908
1541367256939
1541367256959
1541367256979
1541367257012
1541367257047
1541367257086
1541367257109
1541367257129
1541367257167
1541367257225
1541367257261
1541367257279
1541367257299
1541367257335
1541367257376
1541367257412
1541367257431
1541367257449
1541367257480
1541367257513
1541367257546
1541367257566
1541367257587
1541367257616
1541367257649
1541367257683
1541367257701
1541367257722
1541367257755
1541367257789
1541367257828
1541367257851
1541367257870
1541367257905
1541367257940
1541367257971
1541367257991
1541367258016
1541367258048
1541367258087
1541367258118
1541367258141
1541367258159
1541367258187
1541367258226
1541367258257
1541367258275
1541367258298
1541367258336
1541367258374
1541367258403
1541367258423
1541367258443
1541367258472
1541367258502
1541367258538
1541367258562
1541367258578
1541367258613
1541367258651
1541367258687
1541367258705
1541367258729
1541367258764
1541367258800
1541367258836
1541367258855
1541367258880
1541367258918
1541367258951
1541367258985
1541367259008
1541367259027
1541367259060
1541367259093
1541367259128
1541367259145
1541367259167
1541367259203
1541367259231
1541367259261
1541367259283
1541367259309
1541367259338
1541367259370
1541367259401
1541367259421
1541367259438
1541367259468
1541367259502
1541367259539
1541367259563
1541367259587
1541367259623
1541367259663
1541367259704
1541367259722
1541367259746
1541367259782
1541367259819
1541367259855
1541367259875
1541367259899
1541367259933
1541367259968
1541367260002
1541367260020
1541367260042
1541367260085
1541367260120
1541367260156
1541367260175
1541367260193
1541367260224
1541367260288
1541367260320
1541367260342
1541367260363
1541367260399
1541367260438
1541367260480
1541367260503
1541367260525
1541367260558
1541367260596
1541367260631
1541367260653
1541367260672
1541367260711
1541367260751
1541367260788
1541367260813
1541367260833
1541367260867
1541367260903
1541367260935
1541367260959
1541367260979
1541367261018
1541367261062
1541367261099
1541367261119
1541367261143
1541367261175
1541367261207
1541367261249
1541367261268
1541367261292
1541367261327
1541367261364
1541367261403
1541367261422
1541367261440
1541367261481
1541367261517
1541367261552
1541367261570
1541367261594
1541367261621
1541367261654
1541367261690
1541367261716
1541367261737
1541367261776
1541367261808
1541367261836
1541367261858
1541367261876
1541367261911
1541367261960
1541367261993
1541367262012
1541367262032
1541367262070
1541367262106
1541367262144
1541367262164
1541367262185
1541367262214
1541367262251
1541367262283
1541367262302
1541367262320
1541367262357
1541367262390
1541367262425
1541367262444
1541367262464
1541367262507
1541367262546
1541367262581
1541367262605
1541367262625
1541367262674
1541367262712
1541367262745
1541367262764
1541367262784
1541367262829
1541367262865
1541367262894
1541367262913
1541367262938
1541367262978
1541367263011
1541367263041
1541367263059
1541367263105
1541367263142
1541367263174
1541367263206
1541367263232
1541367263251
1541367263285
1541367263326
1541367263373
1541367263393
1541367263437
1541367263474
1541367263509
1541367263546
1541367263566
1541367263592
1541367263623
1541367263661
1541367263699
1541367263723
1541367263749
1541367263788
1541367263825
1541367263861
1541367263881
1541367263900
1541367263935
1541367263971
1541367264004
1541367264024
1541367264050
1541367264086
1541367264120
1541367264157
1541367264177
1541367264200
1541367264231
1541367264269
1541367264306
1541367264327
1541367264351
1541367264392
1541367264429
1541367264463
1541367264484
1541367264509
1541367264547
1541367264585
1541367264617
1541367264637
1541367264657
1541367264696
1541367264729
1541367264761
1541367264783
1541367264809
1541367264844
1541367264886
1541367264924
1541367264943
1541367264963
1541367265000
1541367265037
1541367265073
1541367265093
1541367265117
1541367265153
1541367265183
1541367265220
1541367265248
1541367265269
1541367265300
1541367265338
1541367265371
1541367265391
1541367265410
1541367265447
1541367265479
1541367265511
1541367265530
1541367265549
1541367265584
1541367265621
1541367265657
1541367265685
1541367265704
1541367265738
1541367265781
1541367265819
1541367265845
1541367265870
1541367265901
1541367265937
1541367265976
1541367265998
1541367266047
1541367266093
1541367266133
1541367266176
1541367266198
1541367266221
1541367266255
1541367266300
1541367266336
1541367266357
1541367266377
1541367266407
1541367266439
1541367266476
1541367266496
1541367266534
1541367266568
1541367266599
1541367266631
1541367266650
1541367266672
1541367266711
1541367266744
1541367266784
1541367266802
1541367266822
1541367266856
1541367266893
1541367266923
1541367266945
1541367266964
1541367267013
1541367267053
1541367267104
1541367267123
1541367267143
1541367267188
1541367267220
1541367267257
1541367267277
1541367267303
1541367267335
1541367267373
1541367267403
1541367267428
1541367267453
1541367267482
1541367267515
1541367267552
1541367267571
1541367267591
1541367267624
1541367267662
1541367267695
1541367267715
1541367267736
1541367267766
1541367267799
1541367267841
1541367267863
1541367267881
1541367267921
1541367267961
1541367267991
1541367268011
1541367268032
1541367268075
1541367268107
1541367268140
1541367268163
1541367268185
1541367268217
1541367268250
1541367268290
1541367268314
1541367268333
1541367268363
1541367268395
1541367268432
1541367268450
1541367268470
1541367268504
1541367268537
1541367268574
1541367268594
1541367268612
1541367268644
1541367268683
1541367268719
1541367268740
1541367268770
1541367268808
1541367268838
1541367268871
1541367268892
1541367268917
1541367268953
1541367268988
1541367269023
1541367269051
1541367269077
1541367269112
1541367269147
1541367269187
1541367269207
1541367269231
1541367269264
1541367269298
1541367269336
1541367269363
1541367269385
1541367269422
1541367269456
1541367269492
1541367269516
1541367269541
1541367269576
1541367269608
1541367269637
1541367269662
1541367269681
1541367269711
1541367269751
1541367269782
1541367269807
1541367269836
1541367269872
1541367269907
1541367269941
1541367269964
1541367269984
1541367270016
1541367270052
1541367270082
1541367270100
1541367270122
1541367270157
1541367270191
1541367270225
1541367270245
1541367270267
1541367270309
1541367270351
1541367270390
1541367270413
1541367270441
1541367270480
1541367270516
1541367270547
1541367270566
1541367270587
1541367270624
1541367270663
1541367270697
1541367270720
1541367270740
1541367270773
1541367270807
1541367270845
1541367270865
1541367270892
1541367270939
1541367270975
1541367271012
1541367271031
1541367271051
1541367271096
1541367271136
1541367271173
1541367271194
1541367271221
1541367271263
1541367271296
1541367271330
1541367271347
1541367271371
1541367271402
1541367271435
1541367271464
1541367271484
1541367271501
1541367271535
1541367271576
1541367271608
1541367271628
1541367271648
1541367271679
1541367271714
1541367271743
1541367271765
1541367271785
1541367271818
1541367271850
1541367271887
1541367271907
1541367271936
1541367271979
1541367272014
1541367272048
1541367272069
1541367272095
1541367272132
1541367272175
1541367272232
1541367272254
1541367272274
1541367272300
1541367272330
1541367272366
1541367272387
1541367272412
1541367272445
1541367272475
1541367272511
1541367272530
1541367272548
1541367272577
1541367272613
1541367272650
1541367272669
1541367272690
1541367272719
1541367272754
1541367272783
1541367272802
1541367272821
1541367272853
1541367272884
1541367272930
1541367272951
1541367272970
1541367273007
1541367273044
1541367273077
1541367273097
1541367273117
1541367273151
1541367273191
1541367273226
1541367273245
1541367273264
1541367273299
1541367273333
1541367273365
1541367273384
1541367273408
1541367273445
1541367273481
1541367273515
1541367273534
1541367273554
1541367273582
1541367273616
1541367273647
1541367273666
1541367273685
1541367273720
1541367273753
1541367273784
1541367273805
1541367273825
1541367273862
1541367273894
1541367273925
1541367273947
1541367273973
1541367274011
1541367274046
1541367274085
1541367274107
1541367274127
1541367274164
1541367274203
1541367274232
1541367274257
1541367274278
1541367274307
1541367274339
1541367274375
1541367274403
1541367274423
1541367274461
1541367274492
1541367274524
1541367274545
1541367274565
1541367274601
1541367274641
1541367274671
1541367274693
1541367274717
1541367274748
1541367274781
1541367274812
1541367274836
1541367274856
1541367274899
1541367274930
1541367274969
1541367274992
1541367275015
1541367275056
1541367275086
1541367275119
1541367275141
1541367275161
1541367275198
1541367275233
1541367275273
1541367275298
1541367275322
1541367275357
1541367275388
1541367275418
1541367275470
1541367275494
1541367275525
1541367275561
1541367275594
1541367275612
1541367275631
1541367275669
1541367275706
1541367275741
1541367275760
1541367275780
1541367275811
1541367275852
1541367275886
1541367275907
1541367275930
1541367275967
1541367275998
1541367276032
1541367276054
1541367276076
1541367276108
1541367276145
1541367276176
1541367276197
1541367276216
1541367276252
1541367276287
1541367276318
1541367276342
1541367276364
1541367276400
1541367276440
1541367276473
1541367276497
1541367276523
1541367276555
1541367276593
1541367276629
1541367276654
1541367276679
1541367276727
1541367276762
1541367276794
1541367276812
1541367276837
1541367276867
1541367276902
1541367276939
1541367276961
1541367276982
1541367277013
1541367277045
1541367277081
1541367277105
1541367277130
1541367277159
1541367277193
1541367277225
1541367277245
1541367277265
1541367277302
1541367277339
1541367277377
1541367277402
1541367277427
1541367277458
1541367277503
1541367277532
1541367277552
1541367277572
1541367277607
1541367277646
1541367277682
1541367277704
1541367277723
1541367277754
1541367277783
1541367277818
1541367277841
1541367277861
1541367277923
1541367277964
1541367277999
1541367278024
1541367278042
1541367278079
1541367278114
1541367278150
1541367278168
1541367278191
1541367278230
1541367278267
1541367278296
1541367278316
1541367278334
1541367278371
1541367278400
1541367278434
1541367278451
1541367278470
1541367278506
1541367278542
1541367278580
1541367278599
1541367278617
1541367278655
1541367278693
1541367278731
1541367278750
1541367278773
1541367278813
1541367278850
1541367278881
1541367278905
1541367278925
1541367278956
1541367278993
1541367279025
1541367279047
1541367279065
1541367279099
1541367279132
1541367279169
1541367279189
1541367279213
1541367279244
1541367279274
1541367279308
1541367279328
1541367279352
1541367279383
1541367279421
1541367279461
1541367279489
1541367279508
1541367279537
1541367279570
1541367279604
1541367279631
1541367279654
1541367279689
1541367279734
1541367279773
1541367279796
1541367279814
1541367279848
1541367279889
1541367279928
1541367279947
1541367279971
1541367280003
1541367280037
1541367280069
1541367280091
1541367280117
1541367280150
1541367280182
1541367280217
1541367280237
1541367280261
1541367280292
1541367280329
1541367280366
1541367280386
1541367280406
1541367280449
1541367280489
1541367280525
1541367280546
1541367280566
1541367280602
1541367280635
1541367280671
1541367280690
1541367280708
1541367280752
1541367280783
1541367280826
1541367280845
1541367280866
1541367280900
1541367280930
1541367280960
1541367280982
1541367281000
1541367281035
1541367281072
1541367281106
1541367281127
1541367281148
1541367281188
1541367281226
1541367281256
1541367281277
1541367281303
1541367281347
1541367281378
1541367281416
1541367281437
1541367281460
1541367281501
1541367281530
1541367281571
1541367281591
1541367281615
1541367281649
1541367281682
1541367281720
1541367281743
1541367281763
1541367281803
1541367281838
1541367281874
1541367281895
1541367281916
1541367281951
1541367281991
1541367282021
1541367282041
1541367282063
1541367282102
1541367282147
1541367282189
1541367282214
1541367282235
1541367282270
1541367282303
1541367282340
1541367282359
1541367282379
1541367282416
1541367282451
1541367282483
1541367282503
1541367282522
1541367282560
1541367282594
1541367282627
1541367282647
1541367282667
1541367282707
1541367282743
1541367282777
1541367282796
1541367282816
1541367282849
1541367282885
1541367282925
1541367282947
1541367282970
1541367283000
1541367283033
1541367283068
1541367283090
1541367283113
1541367283154
1541367283193
1541367283224
1541367283248
1541367283268
1541367283303
1541367283338
1541367283369
1541367283389
1541367283409
1541367283442
1541367283472
1541367283508
1541367283531
1541367283551
1541367283581
1541367283611
1541367283647
1541367283669
1541367283690
1541367283723
1541367283758
1541367283789
1541367283812
1541367283832
1541367283876
1541367283912
1541367283944
1541367283965
1541367284015
1541367284052
1541367284083
1541367284118
1541367284140
1541367284160
1541367284193
1541367284231
1541367284272
1541367284295
1541367284318
1541367284353
1541367284390
1541367284423
1541367284450
1541367284470
1541367284500
1541367284538
1541367284579
1541367284603
1541367284623
1541367284662
1541367284700
1541367284735
1541367284755
1541367284779
1541367284809
1541367284845
1541367284883
1541367284902
1541367284923
1541367284958
1541367284991
1541367285029
1541367285053
1541367285073
1541367285110
1541367285140
1541367285172
1541367285196
1541367285216
1541367285254
1541367285289
1541367285327
1541367285347
1541367285367
1541367285405
1541367285444
1541367285484
1541367285508
1541367285530
1541367285568
1541367285610
1541367285645
1541367285667
1541367285691
1541367285723
1541367285764
1541367285807
1541367285831
1541367285852
1541367285888
1541367285924
1541367285971
1541367285995
1541367286019
1541367286059
1541367286090
1541367286122
1541367286143
1541367286168
1541367286206
1541367286243
1541367286279
1541367286299
1541367286320
1541367286364
1541367286401
1541367286438
1541367286459
1541367286478
1541367286522
1541367286561
1541367286604
1541367286629
1541367286657
1541367286695
1541367286733
1541367286769
1541367286794
1541367286814
1541367286852
1541367286890
1541367286924
1541367286948
1541367287000
1541367287039
1541367287078
1541367287114
1541367287137
1541367287159
1541367287195
1541367287226
1541367287264
1541367287289
1541367287308
1541367287342
1541367287378
1541367287407
1541367287450
1541367287470
1541367287500
1541367287533
1541367287567
1541367287589
1541367287611
1541367287646
1541367287681
1541367287710
1541367287738
1541367287760
1541367287793
1541367287828
1541367287861
1541367287886
1541367287911
1541367287949
1541367287985
1541367288021
1541367288045
1541367288067
1541367288101
1541367288142
1541367288172
1541367288198
1541367288217
1541367288249
1541367288286
1541367288323
1541367288349
1541367288368
1541367288407
1541367288444
1541367288482
1541367288509
1541367288531
1541367288569
1541367288600
1541367288640
1541367288662
1541367288687
1541367288724
1541367288761
1541367288792
1541367288818
1541367288842
1541367288877
1541367288919
1541367288956
1541367288977
1541367288997
1541367289031
1541367289067
1541367289103
1541367289129
1541367289150
1541367289186
1541367289219
1541367289250
1541367289275
1541367289296
1541367289332
1541367289365
1541367289407
1541367289433
1541367289453
1541367289490
1541367289531
1541367289562
1541367289582
1541367289604
1541367289643
1541367289674
1541367289708
1541367289728
1541367289748
1541367289786
1541367289815
1541367289846
1541367289877
1541367289897
1541367289930
1541367289966
1541367290000
1541367290024
1541367290045
1541367290075
1541367290112
1541367290148
1541367290170
1541367290212
1541367290247
1541367290281
1541367290314
1541367290332
1541367290353
1541367290386
1541367290418
1541367290448
1541367290468
1541367290493
1541367290521
1541367290553
1541367290590
1541367290608
1541367290625
1541367290657
1541367290686
1541367290719
1541367290746
1541367290765
1541367290800
1541367290829
1541367290861
1541367290880
1541367290905
1541367290936
1541367290965
1541367290999
1541367291022
1541367291042
1541367291070
1541367291102
1541367291138
1541367291158
1541367291184
1541367291219
1541367291254
1541367291290
1541367291310
1541367291331
1541367291366
1541367291406
1541367291443
1541367291462
1541367291483
1541367291524
1541367291555
1541367291594
1541367291613
1541367291633
1541367291671
1541367291704
1541367291740
1541367291761
1541367291784
1541367291823
1541367291859
1541367291891
1541367291913
1541367291941
1541367291972
1541367292009
1541367292043
1541367292063
1541367292083
1541367292129
1541367292164
1541367292207
1541367292232
1541367292257
1541367292291
1541367292325
1541367292354
1541367292375
1541367292395
1541367292426
1541367292459
1541367292490
1541367292511
1541367292531
1541367292563
1541367292596
1541367292627
1541367292649
1541367292669
1541367292711
1541367292743
1541367292781
1541367292801
1541367292821
1541367292860
1541367292889
1541367292918
1541367292937
1541367292956
1541367292993
1541367293034
1541367293068
1541367293090
1541367293124
1541367293159
1541367293198
1541367293231
1541367293256
1541367293276
1541367293309
1541367293345
1541367293383
1541367293402
1541367293424
1541367293454
1541367293497
1541367293530
1541367293548
1541367293566
1541367293595
1541367293631
1541367293666
1541367293683
1541367293710
1541367293743
1541367293782
1541367293815
1541367293836
1541367293860
1541367293890
1541367293925
1541367293961
1541367293986
1541367294003
1541367294038
1541367294074
1541367294108
1541367294134
1541367294158
1541367294189
1541367294219
1541367294254
1541367294272
1541367294291
1541367294326
1541367294360
1541367294396
1541367294417
1541367294442
1541367294480
1541367294516
1541367294544
1541367294562
1541367294583
1541367294619
1541367294655
1541367294688
1541367294706
1541367294730
1541367294769
1541367294812
1541367294846
1541367294866
1541367294891
1541367294928
1541367294968
1541367295002
1541367295023
1541367295044
1541367295082
1541367295111
1541367295149
1541367295175
1541367295198
1541367295233
1541367295266
1541367295301
1541367295321
1541367295343
1541367295379
1541367295418
1541367295449
1541367295468
1541367295488
1541367295529
1541367295566
1541367295600
1541367295621
1541367295639
1541367295682
1541367295717
1541367295753
1541367295772
1541367295793
1541367295825
1541367295866
1541367295898
1541367295916
1541367295938
1541367295966
1541367296026
1541367296066
1541367296093
1541367296113
1541367296156
1541367296188
1541367296224
1541367296251
1541367296273
1541367296312
1541367296351
1541367296388
1541367296410
1541367296430
1541367296467
1541367296507
1541367296542
1541367296561
1541367296585
1541367296621
1541367296650
1541367296693
1541367296715
1541367296736
1541367296771
1541367296804
1541367296841
1541367296866
1541367296885
1541367296918
1541367296955
1541367296985
1541367297011
1541367297031
1541367297066
1541367297102
1541367297138
1541367297164
1541367297185
1541367297213
1541367297251
1541367297289
1541367297309
1541367297329
1541367297366
1541367297405
1541367297438
1541367297458
1541367297478
1541367297514
1541367297549
1541367297586
1541367297608
1541367297628
1541367297656
1541367297687
1541367297722
1541367297748
1541367297773
1541367297803
1541367297838
1541367297868
1541367297888
1541367297912
1541367297952
1541367297996
1541367298029
1541367298053
1541367298074
1541367298103
1541367298141
1541367298186
1541367298205
1541367298225
1541367298259
1541367298297
1541367298327
1541367298347
1541367298368
1541367298403
1541367298440
1541367298485
1541367298505
1541367298525
1541367298558
1541367298594
1541367298631
1541367298651
1541367298673
1541367298718
1541367298753
1541367298791
1541367298815
1541367298835
1541367298873
1541367298911
1541367298942
1541367298960
1541367298978
1541367299014
1541367299042
1541367299077
1541367299103
1541367299127
1541367299168
1541367299203
1541367299240
1541367299259
1541367299279
1541367299314
1541367254047
1541367254080
1541367254101
1541367254123
1541367254165
1541367254201
1541367254239
1541367254260
1541367254287
1541367254322
1541367254356
1541367254392
1541367254417
1541367254442
1541367254483
1541367254525
1541367254569
1541367254592
1541367254616
1541367254660
1541367254694
1541367254730
1541367254751
1541367254770
1541367254811
1541367254850
1541367254892
1541367254914
1541367254934
1541367254972
1541367255006
1541367255046
1541367255064
1541367255084
1541367255121
1541367255153
1541367255195
1541367255213
1541367255236
1541367255267
1541367255305
1541367255339
1541367255360
1541367255379
1541367255419
1541367255459
1541367255496
1541367255520
1541367255541
1541367255582
1541367255628
1541367255663
1541367255690
1541367255721
1541367255762
1541367255812
1541367255850
1541367255880
1541367255906
1541367255942
1541367255977
1541367256015
1541367256036
1541367256057
1541367256090
1541367256127
1541367256165
1541367256186
1541367256212
1541367256247
1541367256285
1541367256323
1541367256348
1541367256370
1541367256406
1541367256438
1541367256477
1541367256497
1541367256517
1541367256561
1541367256596
1541367256639
1541367256662
1541367256685
1541367256722
1541367256765
1541367256804
1541367256831
1541367256851
1541367256885
1541367256924
1541367256962
1541367256987
1541367257012
1541367257055
1541367257092
1541367257127
1541367257146
1541367257164
1541367257221
1541367257255
1541367257285
1541367257305
1541367257329
1541367257371
1541367257407
1541367257437
1541367257455
1541367257476
1541367257514
1541367257550
1541367257594
1541367257618
1541367257644
1541367257684
1541367257719
1541367257760
1541367257782
1541367257803
1541367257839
1541367257876
1541367257911
1541367257930
1541367257949
1541367257984
1541367258017
1541367258054
1541367258074
1541367258092
1541367258128
1541367258165
1541367258199
1541367258220
1541367258240
1541367258273
1541367258310
1541367258341
1541367258362
1541367258382
1541367258419
1541367258456
1541367258496
1541367258515
1541367258534
1541367258574
1541367258619
1541367258655
1541367258676
1541367258700
1541367258736
1541367258769
1541367258802
1541367258826
1541367258844
1541367258878
1541367258911
1541367258946
1541367258970
1541367258989
1541367259023
1541367259054
1541367259094
1541367259118
1541367259138
1541367259169
1541367259204
1541367259238
1541367259257
1541367259277
1541367259314
1541367259353
1541367259389
1541367259408
1541367259426
1541367259464
1541367259502
1541367259539
1541367259563
1541367259580
1541367259617
1541367259656
1541367259693
1541367259713
1541367259730
1541367259762
1541367259794
1541367259833
1541367259852
1541367259869
1541367259908
1541367259943
1541367259975
1541367259996
1541367260013
1541367260080
1541367260119
1541367260158
1541367260181
1541367260199
1541367260230
1541367260263
1541367260303
1541367260322
1541367260345
1541367260390
1541367260428
1541367260459
1541367260478
1541367260496
1541367260532
1541367260574
1541367260607
1541367260627
1541367260648
1541367260682
1541367260714
1541367260749
1541367260768
1541367260787
1541367260824
1541367260862
1541367260897
1541367260916
1541367260940
1541367260974
1541367261012
1541367261045
1541367261065
1541367261085
1541367261115
1541367261147
1541367261179
1541367261200
1541367261218
1541367261252
1541367261284
1541367261321
1541367261340
1541367261360
1541367261403
1541367261441
1541367261479
1541367261499
1541367261519
1541367261557
1541367261601
1541367261639
1541367261660
1541367261684
1541367261725
1541367261762
1541367261791
1541367261811
1541367261833
1541367261871
1541367261912
1541367261960
1541367261983
1541367262002
1541367262035
1541367262071
1541367262112
1541367262133
1541367262158
1541367262197
1541367262239
1541367262274
1541367262293
1541367262315
1541367262347
1541367262390
1541367262426
1541367262451
1541367262471
1541367262507
1541367262540
1541367262582
1541367262606
1541367262634
1541367262674
1541367262708
1541367262746
1541367262771
1541367262790
1541367262829
1541367262866
1541367262905
1541367262926
1541367262947
1541367262979
1541367263019
1541367263053
1541367263073
1541367263093
1541367263133
1541367263169
1541367263207
1541367263233
1541367263258
1541367263292
1541367263328
1541367263373
1541367263397
1541367263418
1541367263462
1541367263493
1541367263521
1541367263540
1541367263559
1541367263597
1541367263627
1541367263661
1541367263679
1541367263701
1541367263733
1541367263765
1541367263801
1541367263822
1541367263849
1541367263885
1541367263916
1541367263947
1541367263966
1541367263985
1541367264021
1541367264058
1541367264092
1541367264114
1541367264137
1541367264172
1541367264205
1541367264241
1541367264263
1541367264282
1541367264319
1541367264355
1541367264391
1541367264413
1541367264433
1541367264472
1541367264508
1541367264546
1541367264570
1541367264590
1541367264622
1541367264655
1541367264690
1541367264712
1541367264733
1541367264765
1541367264798
1541367264828
1541367264854
1541367264876
1541367264910
1541367264946
1541367264978
1541367265000
1541367265022
1541367265054
1541367265086
1541367265120
1541367265140
1541367265160
1541367265192
1541367265225
1541367265259
1541367265284
1541367265303
1541367265336
1541367265371
1541367265410
1541367265437
1541367265459
1541367265494
1541367265532
1541367265573
1541367265593
1541367265615
1541367265655
1541367265689
1541367265721
1541367265743
1541367265766
1541367265806
1541367265838
1541367265873
1541367265898
1541367265921
1541367265954
1541367265985
1541367266016
1541367266034
1541367266078
1541367266105
1541367266141
1541367266176
1541367266195
1541367266219
1541367266254
1541367266287
1541367266323
1541367266341
1541367266363
1541367266393
1541367266428
1541367266466
1541367266492
1541367266519
1541367266552
1541367266588
1541367266626
1541367266645
1541367266667
1541367266710
1541367266742
1541367266775
1541367266795
1541367266817
1541367266857
1541367266896
1541367266928
1541367266948
1541367266971
1541367267013
1541367267053
1541367267093
1541367267112
1541367267136
1541367267166
1541367267204
1541367267238
1541367267265
1541367267288
1541367267319
1541367267351
1541367267385
1541367267403
1541367267421
1541367267459
1541367267499
1541367267537
1541367267561
1541367267582
1541367267623
1541367267662
1541367267705
1541367267725
1541367267745
1541367267777
1541367267816
1541367267847
1541367267870
1541367267889
1541367267922
1541367267962
1541367268002
1541367268022
1541367268043
1541367268087
1541367268118
1541367268156
1541367268175
1541367268197
1541367268229
1541367268265
1541367268303
1541367268323
1541367268344
1541367268380
1541367268418
1541367268456
1541367268477
1541367268501
1541367268547
1541367268581
1541367268620
1541367268645
1541367268671
1541367268709
1541367268747
1541367268787
1541367268808
1541367268829
1541367268871
1541367268904
1541367268943
1541367268966
1541367268987
1541367269031
1541367269070
1541367269112
1541367269133
1541367269153
1541367269205
1541367269241
1541367269279
1541367269298
1541367269322
1541367269353
1541367269391
1541367269428
1541367269453
1541367269472
1541367269512
1541367269547
1541367269579
1541367269602
1541367269620
1541367269661
1541367269699
1541367269736
1541367269755
1541367269777
1541367269813
1541367269853
1541367269882
1541367269903
1541367269923
1541367269959
1541367269988
1541367270020
1541367270043
1541367270064
1541367270094
1541367270135
1541367270170
1541367270187
1541367270205
1541367270233
1541367270267
1541367270303
1541367270321
1541367270339
1541367270375
1541367270411
1541367270442
1541367270465
1541367270487
1541367270520
1541367270552
1541367270582
1541367270606
1541367270623
1541367270657
1541367270687
1541367270722
1541367270745
1541367270765
1541367270801
1541367270830
1541367270860
1541367270884
1541367270904
1541367270935
1541367270968
1541367270998
1541367271019
1541367271041
1541367271076
1541367271112
1541367271147
1541367271167
1541367271188
1541367271224
1541367271258
1541367271290
1541367271309
1541367271330
1541367271367
1541367271409
1541367271444
1541367271466
1541367271491
1541367271521
1541367271554
1541367271592
1541367271612
1541367271636
1541367271669
1541367271710
1541367271751
1541367271773
1541367271794
1541367271835
1541367271868
1541367271901
1541367271921
1541367271942
1541367271986
1541367272031
1541367272069
1541367272093
1541367272117
1541367272148
1541367272180
1541367272211
1541367272229
1541367272249
1541367272284
1541367272318
1541367272356
1541367272407
1541367272427
1541367272462
1541367272495
1541367272530
1541367272555
1541367272577
1541367272617
1541367272657
1541367272698
1541367272718
1541367272738
1541367272771
1541367272809
1541367272841
1541367272864
1541367272886
1541367272920
1541367272955
1541367272987
1541367273006
1541367273026
1541367273060
1541367273098
1541367273135
1541367273158
1541367273183
1541367273226
1541367273262
1541367273304
1541367273325
1541367273347
1541367273377
1541367273414
1541367273450
1541367273471
1541367273493
1541367273531
1541367273566
1541367273605
1541367273631
1541367273651
1541367273684
1541367273720
1541367273765
1541367273785
1541367273809
1541367273842
1541367273872
1541367273906
1541367273924
1541367273946
1541367273981
1541367274015
1541367274050
1541367274069
1541367274087
1541367274121
1541367274152
1541367274190
1541367274210
1541367274230
1541367274264
1541367274302
1541367274334
1541367274352
1541367274372
1541367274408
1541367274440
1541367274476
1541367274495
1541367274517
1541367274551
1541367274589
1541367274625
1541367274644
1541367274666
1541367274697
1541367274727
1541367274764
1541367274783
1541367274805
1541367274842
1541367274881
1541367274914
1541367274931
1541367274955
1541367274983
1541367275020
1541367275074
1541367275099
1541367275127
1541367275158
1541367275191
1541367275221
1541367275239
1541367275263
1541367275292
1541367275327
1541367275363
1541367275381
1541367275401
1541367275435
1541367275468
1541367275503
1541367275522
1541367275547
1541367275582
1541367275612
1541367275648
1541367275666
1541367275688
1541367275723
1541367275757
1541367275791
1541367275811
1541367275830
1541367275869
1541367275905
1541367275939
1541367275962
1541367275981
1541367276015
1541367276044
1541367276071
1541367276090
1541367276108
1541367276147
1541367276181
1541367276216
1541367276242
1541367276259
1541367276293
1541367276332
1541367276361
1541367276382
1541367276400
1541367276438
1541367276472
1541367276501
1541367276523
1541367276543
1541367276579
1541367276610
1541367276640
1541367276657
1541367276685
1541367276724
1541367276752
1541367276786
1541367276807
1541367276825
1541367276854
1541367276884
1541367276919
1541367276938
1541367276956
1541367276996
1541367277031
1541367277065
1541367277085
1541367277105
1541367277143
1541367277177
1541367277212
1541367277230
1541367277252
1541367277287
1541367277318
1541367277355
1541367277377
1541367277402
1541367277431
1541367277463
1541367277492
1541367277516
1541367277533
1541367277569
1541367277607
1541367277657
1541367277679
1541367277700
1541367277738
1541367277778
1541367277812
1541367277837
1541367277861
1541367277912
1541367277950
1541367277983
1541367278030
1541367278049
1541367278086
1541367278123
1541367278161
1541367278182
1541367278202
1541367278239
1541367278272
1541367278304
1541367278322
1541367278346
1541367278385
1541367278421
1541367278456
1541367278477
1541367278500
1541367278537
1541367278574
1541367278605
1541367278624
1541367278648
1541367278687
1541367278720
1541367278749
1541367278772
1541367278793
1541367278827
1541367278864
1541367278895
1541367278915
1541367278938
1541367278971
1541367279004
1541367279037
1541367279059
1541367279083
1541367279113
1541367279143
1541367279178
1541367279198
1541367279218
1541367279251
1541367279280
1541367279315
1541367279336
1541367279358
1541367279389
1541367279425
1541367279456
1541367279476
1541367279502
1541367279533
1541367279566
1541367279604
1541367279625
1541367279645
1541367279689
1541367279730
1541367279762
1541367279782
1541367279802
1541367279840
1541367279874
1541367279917
1541367279939
1541367279961
1541367279998
1541367280026
1541367280065
1541367280085
1541367280110
1541367280145
1541367280174
1541367280208
1541367280229
1541367280250
1541367280288
1541367280325
1541367280362
1541367280381
1541367280401
1541367280450
1541367280487
1541367280517
1541367280536
1541367280556
1541367280592
1541367280629
1541367280666
1541367280683
1541367280703
1541367280748
1541367280777
1541367280842
1541367280862
1541367280883
1541367280922
1541367280952
1541367280988
1541367281007
1541367281031
1541367281072
1541367281106
1541367281136
1541367281159
1541367281179
1541367281211
1541367281245
1541367281274
1541367281297
1541367281316
1541367281353
1541367281386
1541367281422
1541367281443
1541367281486
1541367281516
1541367281551
1541367281587
1541367281605
1541367281624
1541367281657
1541367281695
1541367281730
1541367281747
1541367281769
1541367281818
1541367281845
1541367281879
1541367281900
1541367281919
1541367281961
1541367281998
1541367282032
1541367282049
1541367282067
1541367282100
1541367282136
1541367282168
1541367282188
1541367282208
1541367282242
1541367282275
1541367282307
1541367282328
1541367282346
1541367282382
1541367282416
1541367282452
1541367282475
1541367282493
1541367282524
1541367282558
1541367282589
1541367282610
1541367282628
1541367282664
1541367282707
1541367282743
1541367282763
1541367282783
1541367282813
1541367282854
1541367282886
1541367282912
1541367282933
1541367282964
1541367283006
1541367283038
1541367283059
1541367283081
1541367283115
1541367283157
1541367283195
1541367283220
1541367283243
1541367283280
1541367283313
1541367283346
1541367283374
1541367283395
1541367283431
1541367283467
1541367283506
1541367283531
1541367283557
1541367283591
1541367283627
1541367283664
1541367283683
1541367283708
1541367283746
1541367283780
1541367283817
1541367283837
1541367283859
1541367283940
1541367283974
1541367284007
1541367284027
1541367284046
1541367284078
1541367284114
1541367284150
1541367284169
1541367284187
1541367284226
1541367284262
1541367284298
1541367284324
1541367284348
1541367284385
1541367284417
1541367284456
1541367284480
1541367284499
1541367284537
1541367284579
1541367284612
1541367284635
1541367284658
1541367284705
1541367284740
1541367284772
1541367284795
1541367284816
1541367284850
1541367284885
1541367284923
1541367284947
1541367284967
1541367285003
1541367285038
1541367285073
1541367285093
1541367285122
1541367285158
1541367285191
1541367285227
1541367285250
1541367285273
1541367285310
1541367285353
1541367285391
1541367285422
1541367285444
1541367285482
1541367285514
1541367285545
1541367285568
1541367285589
1541367285625
1541367285661
1541367285692
1541367285716
1541367285736
1541367285768
1541367285803
1541367285841
1541367285863
1541367285881
1541367285919
1541367285955
1541367285987
1541367286008
1541367286026
1541367286061
1541367286097
1541367286131
1541367286150
1541367286174
1541367286208
1541367286253
1541367286290
1541367286308
1541367286329
1541367286367
1541367286401
1541367286444
1541367286466
1541367286492
1541367286528
1541367286564
1541367286604
1541367286623
1541367286643
1541367286685
1541367286728
1541367286764
1541367286788
1541367286807
1541367286852
1541367286890
1541367286924
1541367286950
1541367286976
1541367287012
1541367287044
1541367287084
1541367287109
1541367287137
1541367287171
1541367287205
1541367287242
1541367287261
1541367287283
1541367287315
1541367287347
1541367287382
1541367287402
1541367287423
1541367287460
1541367287494
1541367287530
1541367287548
1541367287572
1541367287602
1541367287634
1541367287662
1541367287683
1541367287706
1541367287750
1541367287787
1541367287824
1541367287845
1541367287866
1541367287906
1541367287943
1541367287975
1541367287995
1541367288019
1541367288052
1541367288090
1541367288127
1541367288147
1541367288168
1541367288200
1541367288235
1541367288271
1541367288292
1541367288317
1541367288359
1541367288401
1541367288432
1541367288450
1541367288475
1541367288512
1541367288547
1541367288579
1541367288598
1541367288620
1541367288657
1541367288691
1541367288723
1541367288743
1541367288769
1541367288806
1541367288840
1541367288877
1541367288897
1541367288921
1541367288955
1541367288994
1541367289030
1541367289049
1541367289068
1541367289103
1541367289137
1541367289174
1541367289194
1541367289212
1541367289242
1541367289279
1541367289310
1541367289329
1541367289353
1541367289385
1541367289424
1541367289456
1541367289479
1541367289501
1541367289537
1541367289574
1541367289611
1541367289636
1541367289657
1541367289692
1541367289723
1541367289753
1541367289780
1541367289798
1541367289828
1541367289863
1541367289893
1541367289913
1541367289933
1541367289991
1541367290029
1541367290064
1541367290087
1541367290113
1541367290151
1541367290188
1541367290224
1541367290244
1541367290266
1541367290298
1541367290336
1541367290376
1541367290402
1541367290428
1541367290465
1541367290498
1541367290532
1541367290553
1541367290574
1541367290615
1541367290644
1541367290675
1541367290695
1541367290718
1541367290752
1541367290788
1541367290825
1541367290846
1541367290865
1541367290898
1541367290931
1541367290967
1541367290989
1541367291011
1541367291050
1541367291086
1541367291119
1541367291143
1541367291168
1541367291204
1541367291241
1541367291273
1541367291297
1541367291326
1541367291360
1541367291400
1541367291438
1541367291457
1541367291478
1541367291525
1541367291561
1541367291597
1541367291620
1541367291646
1541367291688
1541367291720
1541367291752
1541367291770
1541367291788
1541367291820
1541367291860
1541367291895
1541367291919
1541367291944
1541367291975
1541367292006
1541367292044
1541367292070
1541367292088
1541367292117
1541367292157
1541367292194
1541367292217
1541367292235
1541367292273
1541367292306
1541367292339
1541367292358
1541367292380
1541367292420
1541367292459
1541367292495
1541367292516
1541367292536
1541367292573
1541367292611
1541367292640
1541367292662
1541367292682
1541367292715
1541367292753
1541367292785
1541367292806
1541367292826
1541367292861
1541367292893
1541367292922
1541367292945
1541367292968
1541367292997
1541367293030
1541367293062
1541367293102
1541367293124
1541367293162
1541367293197
1541367293232
1541367293257
1541367293283
1541367293315
1541367293351
1541367293407
1541367293431
1541367293458
1541367293496
1541367293532
1541367293569
1541367293591
1541367293615
1541367293645
1541367293683
1541367293723
1541367293748
1541367293769
1541367293805
1541367293847
1541367293882
1541367293904
1541367293923
1541367293960
1541367293990
1541367294021
1541367294048
1541367294069
1541367294101
1541367294139
1541367294178
1541367294209
1541367294229
1541367294264
1541367294294
1541367294330
1541367294351
1541367294371
1541367294412
1541367294446
1541367294479
1541367294505
1541367294525
1541367294560
1541367294593
1541367294626
1541367294645
1541367294665
1541367294705
1541367294734
1541367294769
1541367294789
1541367294809
1541367294847
1541367294891
1541367294924
1541367294943
1541367294968
1541367295001
1541367295032
1541367295068
1541367295086
1541367295106
1541367295143
1541367295181
1541367295211
1541367295230
1541367295248
1541367295282
1541367295311
1541367295340
1541367295360
1541367295379
1541367295421
1541367295459
1541367295490
1541367295516
1541367295541
1541367295571
1541367295606
1541367295639
1541367295662
1541367295685
1541367295724
1541367295763
1541367295797
1541367295817
1541367295844
1541367295880
1541367295913
1541367295950
1541367295970
1541367295990
1541367296025
1541367296066
1541367296113
1541367296133
1541367296153
1541367296188
1541367296225
1541367296262
1541367296281
1541367296304
1541367296339
1541367296375
1541367296410
1541367296435
1541367296454
1541367296487
1541367296519
1541367296554
1541367296575
1541367296594
1541367296625
1541367296654
1541367296694
1541367296715
1541367296735
1541367296764
1541367296797
1541367296835
1541367296853
1541367296872
1541367296905
1541367296942
1541367296976
1541367296998
1541367297018
1541367297052
1541367297087
1541367297122
1541367297141
1541367297163
1541367297194
1541367297229
1541367297259
1541367297282
1541367297300
1541367297333
1541367297371
1541367297402
1541367297420
1541367297438
1541367297478
1541367297522
1541367297561
1541367297581
1541367297601
1541367297634
1541367297665
1541367297697
1541367297720
1541367297748
1541367297792
1541367297828
1541367297864
1541367297884
1541367297907
1541367297946
1541367297981
1541367298009
1541367298029
1541367298053
1541367298098
1541367298135
1541367298171
1541367298191
1541367298211
1541367298245
1541367298283
1541367298316
1541367298336
1541367298360
1541367298397
1541367298441
1541367298475
1541367298495
1541367298519
1541367298562
1541367298604
1541367298641
1541367298663
1541367298684
1541367298719
1541367298754
1541367298790
1541367298810
1541367298830
1541367298869
1541367298907
1541367298948
1541367298967
1541367298989
1541367299020
1541367299051
1541367299081
1541367299122
1541367299142
1541367299179
1541367299217
1541367299247
1541367299268
1541367299292
1541367299327
