1543521077227
1543521077264
1543521077293
1543521077316
1543521077353
1543521077387
1543521077421
1543521077452
1543521077474
1543521077505
1543521077535
1543521077565
1543521077592
1543521077619
1543521077654
1543521077689
1543521077723
1543521077752
1543521077780
1543521077815
1543521077855
1543521077887
1543521077910
1543521077940
1543521077974
1543521078005
1543521078031
1543521078053
1543521078082
1543521078115
1543521078149
1543521078184
1543521078216
1543521078240
1543521078277
1543521078312
1543521078342
1543521078371
1543521078393
1543521078423
1543521078454
1543521078486
1543521078508
1543521078533
1543521078564
1543521078600
1543521078625
1543521078655
1543521078681
1543521078713
1543521078739
1543521078770
1543521078794
1543521078818
1543521078850
1543521078884
1543521078918
1543521078950
1543521078983
1543521079014
1543521079044
1543521079075
1543521079101
1543521079129
1543521079154
1543521079186
1543521079222
1543521079253
1543521079278
1543521079308
1543521079337
1543521079368
1543521079391
1543521079416
1543521079448
1543521079483
1543521079514
1543521079540
1543521079564
1543521079597
1543521079633
1543521079663
1543521079686
1543521079713
1543521079748
1543521079781
1543521079814
1543521079838
1543521079867
1543521079897
1543521079930
1543521079955
1543521079979
1543521080005
1543521080032
1543521080060
1543521080091
1543521080118
1543521080147
1543521080184
1543521080214
1543521080239
1543521080267
1543521080294
1543521080320
1543521080348
1543521080377
1543521080400
1543521080434
1543521080462
1543521080494
1543521080525
1543521080549
1543521080576
1543521080603
1543521080634
1543521080666
1543521080687
1543521080711
1543521080738
1543521080774
1543521080803
1543521080836
1543521080861
1543521080888
1543521080919
1543521080950
1543521080983
1543521081011
1543521081045
1543521081077
1543521081111
1543521081139
1543521081162
1543521081189
1543521081218
1543521081254
1543521081279
1543521081305
1543521081335
1543521081369
1543521081400
1543521081430
1543521081454
1543521081486
1543521081519
1543521081549
1543521081570
1543521081598
1543521081627
1543521081662
1543521081693
1543521081724
1543521081752
1543521081786
1543521081817
1543521081848
1543521081872
1543521081895
1543521081920
1543521081951
1543521081984
1543521082011
1543521082034
1543521082060
1543521082089
1543521082121
1543521082145
1543521082171
1543521082204
1543521082238
1543521082269
1543521082301
1543521082325
1543521082354
1543521082386
1543521082418
1543521082445
1543521082466
1543521082497
1543521082528
1543521082559
1543521082589
1543521082611
1543521082649
1543521082682
1543521082721
1543521082744
1543521082775
1543521082808
1543521082837
1543521082880
1543521082906
1543521082935
1543521082964
1543521082995
1543521083040
1543521083063
1543521083086
1543521083141
1543521083173
1543521083202
1543521083232
1543521083256
1543521083289
1543521083321
1543521083353
1543521083379
1543521083407
1543521083434
1543521083463
1543521083495
1543521083519
1543521083543
1543521083571
1543521083600
1543521083629
1543521083654
1543521083677
1543521083710
1543521083743
1543521083774
1543521083795
1543521083822
1543521083854
1543521083889
1543521083919
1543521083944
1543521083972
1543521084003
1543521084034
1543521084063
1543521084089
1543521084114
1543521084141
1543521084168
1543521084198
1543521084223
1543521084248
1543521084279
1543521084311
1543521084337
1543521084372
1543521084398
1543521084429
1543521084458
1543521084490
1543521084521
1543521084544
1543521084574
1543521077320
1543521077357
1543521077385
1543521077409
1543521077435
1543521077466
1543521077499
1543521077526
1543521077550
1543521077576
1543521077607
1543521077632
1543521077658
1543521077684
1543521077720
1543521077752
1543521077784
1543521077809
1543521077840
1543521077876
1543521077926
1543521077971
1543521078016
1543521078052
1543521078086
1543521078120
1543521078151
1543521078179
1543521078206
1543521078240
1543521078274
1543521078312
1543521078342
1543521078372
1543521078405
1543521078431
1543521078462
1543521078491
1543521078513
1543521078543
1543521078572
1543521078601
1543521078634
1543521078658
1543521078689
1543521078724
1543521078757
1543521078784
1543521078806
1543521078834
1543521078862
1543521078895
1543521078918
1543521078949
1543521078987
1543521079021
1543521079049
1543521079072
1543521079105
1543521079144
1543521079178
1543521079221
1543521079242
1543521079266
1543521079299
1543521079327
1543521079361
1543521079387
1543521079410
1543521079440
1543521079478
1543521079513
1543521079541
1543521079565
1543521079598
1543521079633
1543521079664
1543521079692
1543521079719
1543521079750
1543521079783
1543521079816
1543521079843
1543521079871
1543521079903
1543521079936
1543521079969
1543521079994
1543521080017
1543521080043
1543521080074
1543521080104
1543521080126
1543521080151
1543521080186
1543521080216
1543521080246
1543521080274
1543521080298
1543521080327
1543521080362
1543521080393
1543521080420
1543521080442
1543521080474
1543521080505
1543521080535
1543521080560
1543521080585
1543521080621
1543521080651
1543521080682
1543521080705
1543521080734
1543521080763
1543521080790
1543521080824
1543521080850
1543521080873
1543521080904
1543521080936
1543521080970
1543521080998
1543521081023
1543521081048
1543521081077
1543521081108
1543521081134
1543521081157
1543521081183
1543521081215
1543521081246
1543521081276
1543521081305
1543521081335
1543521081369
1543521081400
1543521081422
1543521081443
1543521081474
1543521081504
1543521081530
1543521081552
1543521081576
1543521081607
1543521081631
1543521081661
1543521081688
1543521081715
1543521081740
1543521081765
1543521081791
1543521081820
1543521081848
1543521081879
1543521081911
1543521081944
1543521081967
1543521081990
1543521082022
1543521082056
1543521082090
1543521082117
1543521082142
1543521082171
1543521082203
1543521082238
1543521082265
1543521082289
1543521082315
1543521082346
1543521082373
1543521082395
1543521082421
1543521082448
1543521082475
1543521082501
1543521082530
1543521082553
1543521082583
1543521082608
1543521082637
1543521082660
1543521082687
1543521082721
1543521082753
1543521082781
1543521082808
1543521082832
1543521082877
1543521082909
1543521082938
1543521082964
1543521082993
1543521083040
1543521083079
1543521083141
1543521083170
1543521083199
1543521083227
1543521083255
1543521083284
1543521083308
1543521083331
1543521083360
1543521083388
1543521083420
1543521083444
1543521083469
1543521083499
1543521083529
1543521083562
1543521083584
1543521083613
1543521083642
1543521083668
1543521083705
1543521083730
1543521083756
1543521083785
1543521083818
1543521083848
1543521083878
1543521083901
1543521083930
1543521083960
1543521083987
1543521084012
1543521084036
1543521084065
1543521084095
1543521084125
1543521084151
1543521084181
1543521084212
1543521084247
1543521084277
1543521084298
1543521084327
1543521084358
1543521084391
1543521084422
1543521084445
1543521084468
1543521084494
1543521084522
1543521084552
1543521084582
1543521084607
1543521084637
1543521077235
1543521077331
1543521077369
1543521077395
1543521077433
1543521077462
1543521077497
1543521077530
1543521077559
1543521077590
1543521077621
1543521077654
1543521077686
1543521077715
1543521077753
1543521077786
1543521077820
1543521077847
1543521077881
1543521077914
1543521077950
1543521077988
1543521078011
1543521078034
1543521078064
1543521078097
1543521078136
1543521078162
1543521078185
1543521078217
1543521078250
1543521078285
1543521078314
1543521078342
1543521078375
1543521078406
1543521078440
1543521078465
1543521078491
1543521078526
1543521078555
1543521078588
1543521078611
1543521078635
1543521078666
1543521078695
1543521078728
1543521078754
1543521078778
1543521078810
1543521078842
1543521078875
1543521078900
1543521078924
1543521078954
1543521078987
1543521079016
1543521079041
1543521079068
1543521079100
1543521079142
1543521079175
1543521079198
1543521079222
1543521079253
1543521079288
1543521079315
1543521079342
1543521079369
1543521079398
1543521079432
1543521079459
1543521079485
1543521079513
1543521079546
1543521079574
1543521079603
1543521079628
1543521079651
1543521079683
1543521079714
1543521079749
1543521079777
1543521079802
1543521079836
1543521079864
1543521079890
1543521079913
1543521079938
1543521079968
1543521079999
1543521080033
1543521080059
1543521080080
1543521080116
1543521080148
1543521080182
1543521080207
1543521080232
1543521080258
1543521080291
1543521080317
1543521080343
1543521080370
1543521080398
1543521080432
1543521080464
1543521080490
1543521080520
1543521080550
1543521080584
1543521080620
1543521080643
1543521080668
1543521080698
1543521080729
1543521080755
1543521080778
1543521080804
1543521080834
1543521080864
1543521080895
1543521080921
1543521080946
1543521080975
1543521081002
1543521081031
1543521081051
1543521081079
1543521081110
1543521081142
1543521081172
1543521081193
1543521081221
1543521081255
1543521081284
1543521081314
1543521081337
1543521081364
1543521081401
1543521081432
1543521081463
1543521081488
1543521081516
1543521081552
1543521081581
1543521081612
1543521081643
1543521081668
1543521081698
1543521081730
1543521081760
1543521081788
1543521081814
1543521081848
1543521081879
1543521081911
1543521081935
1543521081959
1543521081987
1543521082016
1543521082047
1543521082074
1543521082101
1543521082131
1543521082159
1543521082187
1543521082213
1543521082242
1543521082273
1543521082305
1543521082335
1543521082363
1543521082388
1543521082418
1543521082450
1543521082482
1543521082506
1543521082528
1543521082559
1543521082596
1543521082628
1543521082656
1543521082686
1543521082715
1543521082748
1543521082775
1543521082802
1543521082831
1543521082877
1543521082907
1543521082938
1543521082964
1543521082993
1543521083040
1543521083079
1543521083141
1543521083168
1543521083194
1543521083222
1543521083248
1543521083273
1543521083296
1543521083325
1543521083354
1543521083384
1543521083414
1543521083443
1543521083469
1543521083502
1543521083534
1543521083567
1543521083591
1543521083618
1543521083646
1543521083673
1543521083708
1543521083739
1543521083762
1543521083794
1543521083827
1543521083855
1543521083885
1543521083911
1543521083941
1543521083970
1543521084002
1543521084025
1543521084048
1543521084078
1543521084109
1543521084136
1543521084158
1543521084196
1543521084227
1543521084257
1543521084292
1543521084314
1543521084340
1543521084369
1543521084395
1543521084423
1543521084452
1543521084478
1543521084503
1543521084533
1543521084564
1543521084586
1543521084608
1543521084642
1543521077329
1543521077364
1543521077389
1543521077420
1543521077459
1543521077495
1543521077536
1543521077563
1543521077594
1543521077628
1543521077655
1543521077688
1543521077715
1543521077743
1543521077779
1543521077813
1543521077847
1543521077881
1543521077909
1543521077943
1543521077983
1543521078015
1543521078046
1543521078079
1543521078109
1543521078143
1543521078178
1543521078201
1543521078230
1543521078259
1543521078293
1543521078321
1543521078348
1543521078376
1543521078411
1543521078443
1543521078475
1543521078503
1543521078527
1543521078556
1543521078592
1543521078622
1543521078646
1543521078670
1543521078702
1543521078735
1543521078762
1543521078790
1543521078813
1543521078853
1543521078885
1543521078918
1543521078949
1543521078973
1543521079005
1543521079032
1543521079066
1543521079089
1543521079110
1543521079146
1543521079178
1543521079210
1543521079238
1543521079259
1543521079292
1543521079322
1543521079351
1543521079372
1543521079396
1543521079426
1543521079455
1543521079486
1543521079513
1543521079537
1543521079566
1543521079600
1543521079633
1543521079658
1543521079690
1543521079723
1543521079754
1543521079786
1543521079815
1543521079843
1543521079875
1543521079913
1543521079941
1543521079970
1543521079997
1543521080027
1543521080059
1543521080092
1543521080121
1543521080147
1543521080184
1543521080216
1543521080247
1543521080273
1543521080298
1543521080331
1543521080360
1543521080393
1543521080431
1543521080454
1543521080486
1543521080511
1543521080539
1543521080577
1543521080606
1543521080635
1543521080667
1543521080699
1543521080722
1543521080744
1543521080774
1543521080801
1543521080828
1543521080855
1543521080880
1543521080911
1543521080941
1543521080969
1543521080993
1543521081016
1543521081043
1543521081075
1543521081104
1543521081126
1543521081150
1543521081180
1543521081212
1543521081244
1543521081274
1543521081301
1543521081333
1543521081365
1543521081400
1543521081431
1543521081459
1543521081485
1543521081510
1543521081541
1543521081569
1543521081595
1543521081627
1543521081661
1543521081694
1543521081723
1543521081752
1543521081784
1543521081810
1543521081843
1543521081866
1543521081887
1543521081915
1543521081944
1543521081977
1543521082000
1543521082022
1543521082054
1543521082088
1543521082121
1543521082144
1543521082171
1543521082203
1543521082236
1543521082261
1543521082285
1543521082305
1543521082335
1543521082365
1543521082391
1543521082415
1543521082438
1543521082464
1543521082494
1543521082525
1543521082548
1543521082570
1543521082596
1543521082627
1543521082656
1543521082681
1543521082711
1543521082743
1543521082774
1543521082808
1543521082832
1543521082877
1543521082916
1543521082942
1543521082975
1543521082998
1543521083040
1543521083073
1543521083097
1543521083141
1543521083171
1543521083200
1543521083227
1543521083257
1543521083288
1543521083311
1543521083344
1543521083376
1543521083410
1543521083441
1543521083465
1543521083495
1543521083528
1543521083555
1543521083584
1543521083607
1543521083632
1543521083662
1543521083693
1543521083727
1543521083749
1543521083774
1543521083806
1543521083833
1543521083861
1543521083885
1543521083911
1543521083942
1543521083979
1543521084008
1543521084036
1543521084061
1543521084095
1543521084127
1543521084156
1543521084181
1543521084204
1543521084235
1543521084264
1543521084298
1543521084321
1543521084347
1543521084376
1543521084408
1543521084435
1543521084458
1543521084486
1543521084515
1543521084548
1543521084578
1543521084602
1543521084627
1543521084659
1543521077326
1543521077365
1543521077394
1543521077421
1543521077459
1543521077497
1543521077531
1543521077557
1543521077583
1543521077615
1543521077652
1543521077690
1543521077720
1543521077747
1543521077778
1543521077815
1543521077850
1543521077878
1543521077907
1543521077939
1543521077983
1543521078016
1543521078045
1543521078069
1543521078103
1543521078137
1543521078168
1543521078199
1543521078223
1543521078254
1543521078287
1543521078317
1543521078343
1543521078376
1543521078408
1543521078438
1543521078471
1543521078495
1543521078522
1543521078555
1543521078590
1543521078623
1543521078655
1543521078688
1543521078723
1543521078755
1543521078787
1543521078813
1543521078849
1543521078882
1543521078917
1543521078952
1543521078981
1543521079009
1543521079039
1543521079071
1543521079100
1543521079123
1543521079146
1543521079178
1543521079208
1543521079242
1543521079267
1543521079295
1543521079328
1543521079361
1543521079387
1543521079416
1543521079444
1543521079478
1543521079513
1543521079544
1543521079570
1543521079597
1543521079630
1543521079661
1543521079691
1543521079720
1543521079748
1543521079783
1543521079814
1543521079848
1543521079871
1543521079902
1543521079931
1543521079963
1543521079999
1543521080023
1543521080047
1543521080080
1543521080118
1543521080150
1543521080176
1543521080202
1543521080235
1543521080265
1543521080295
1543521080324
1543521080357
1543521080394
1543521080436
1543521080471
1543521080496
1543521080527
1543521080557
1543521080589
1543521080622
1543521080651
1543521080675
1543521080705
1543521080739
1543521080768
1543521080793
1543521080820
1543521080845
1543521080869
1543521080904
1543521080927
1543521080950
1543521080982
1543521081013
1543521081045
1543521081072
1543521081094
1543521081119
1543521081147
1543521081179
1543521081202
1543521081226
1543521081257
1543521081291
1543521081320
1543521081344
1543521081369
1543521081400
1543521081434
1543521081464
1543521081488
1543521081516
1543521081552
1543521081580
1543521081611
1543521081637
1543521081660
1543521081687
1543521081719
1543521081746
1543521081769
1543521081795
1543521081823
1543521081848
1543521081877
1543521081901
1543521081924
1543521081955
1543521081982
1543521082013
1543521082038
1543521082063
1543521082095
1543521082125
1543521082156
1543521082179
1543521082207
1543521082237
1543521082271
1543521082305
1543521082332
1543521082355
1543521082386
1543521082417
1543521082450
1543521082478
1543521082505
1543521082533
1543521082565
1543521082593
1543521082621
1543521082647
1543521082681
1543521082721
1543521082752
1543521082778
1543521082808
1543521082835
1543521082877
1543521082909
1543521082935
1543521082963
1543521082993
1543521083040
1543521083079
1543521083110
1543521083164
1543521083195
1543521083225
1543521083257
1543521083284
1543521083312
1543521083344
1543521083377
1543521083408
1543521083438
1543521083465
1543521083496
1543521083529
1543521083560
1543521083586
1543521083613
1543521083644
1543521083676
1543521083710
1543521083739
1543521083762
1543521083790
1543521083816
1543521083846
1543521083870
1543521083891
1543521083923
1543521083953
1543521083980
1543521084008
1543521084030
1543521084060
1543521084093
1543521084127
1543521084152
1543521084181
1543521084214
1543521084247
1543521084279
1543521084306
1543521084334
1543521084363
1543521084391
1543521084423
1543521084452
1543521084481
1543521084510
1543521084543
1543521084575
1543521084596
1543521084621
1543521084651
1543521084678
1543521084709
1543521084730
1543521084754
1543521084782
