1542250958464
1542250958491
1542250958515
1542250958539
1542250958570
1542250958591
1542250958613
1542250958633
1542250958664
1542250958691
1542250958723
1542250958750
1542250958775
1542250958800
1542250958820
1542250958841
1542250958866
1542250958888
1542250958912
1542250958940
1542250958964
1542250958986
1542250959003
1542250959020
1542250959040
1542250959067
1542250959091
1542250959106
1542250959121
1542250959140
1542250959160
1542250959179
1542250959195
1542250959210
1542250959231
1542250959254
1542250959274
1542250959292
1542250959310
1542250959329
1542250959349
1542250959366
1542250959382
1542250959398
1542250959421
1542250959440
1542250959460
1542250959476
1542250959493
1542250959512
1542250959529
1542250959554
1542250959573
1542250959590
1542250959612
1542250959635
1542250959657
1542250959672
1542250959690
1542250959709
1542250959733
1542250959752
1542250959768
1542250959784
1542250959806
1542250959825
1542250959842
1542250959857
1542250959872
1542250959890
1542250959913
1542250959934
1542250959954
1542250959970
1542250959990
1542250960008
1542250960029
1542250960045
1542250960062
1542250960082
1542250960104
1542250960126
1542250960142
1542250960157
1542250960175
1542250960196
1542250960218
1542250960234
1542250960252
1542250960271
1542250960290
1542250960310
1542250960324
1542250960342
1542250960361
1542250960382
1542250960403
1542250960420
1542250960435
1542250960453
1542250960475
1542250960496
1542250960513
1542250960528
1542250960546
1542250960563
1542250960581
1542250960597
1542250960612
1542250960631
1542250960651
1542250960681
1542250960698
1542250960718
1542250960744
1542250960768
1542250960790
1542250960809
1542250960825
1542250960849
1542250960872
1542250960895
1542250960911
1542250960933
1542250960954
1542250960981
1542250961003
1542250961024
1542250961042
1542250961062
1542250961082
1542250961102
1542250961120
1542250961140
1542250961159
1542250961180
1542250961200
1542250961217
1542250961235
1542250961258
1542250961278
1542250961301
1542250961317
1542250961335
1542250961355
1542250961377
1542250961402
1542250961421
1542250961437
1542250961457
1542250961476
1542250961496
1542250961514
1542250961529
1542250961546
1542250961564
1542250961585
1542250961600
1542250961615
1542250961635
1542250961655
1542250961682
1542250961706
1542250961726
1542250961749
1542250961775
1542250961801
1542250961824
1542250961839
1542250961859
1542250961879
1542250961898
1542250961912
1542250961929
1542250961946
1542250961965
1542250961983
1542250961998
1542250962014
1542250962033
1542250962050
1542250962070
1542250962086
1542250962103
1542250962122
1542250962142
1542250962164
1542250962181
1542250962195
1542250962214
1542250962230
1542250962251
1542250962267
1542250962286
1542250962305
1542250962324
1542250962348
1542250962370
1542250962390
1542250962411
1542250962432
1542250962454
1542250962470
1542250962488
1542250962508
1542250962527
1542250962547
1542250962560
1542250962575
1542250962592
1542250962612
1542250962629
1542250962646
1542250962661
1542250962682
1542250962702
1542250962723
1542250962739
1542250962756
1542250962775
1542250962796
1542250962817
1542250962835
1542250962854
1542250962875
1542250962896
1542250962920
1542250962947
1542250962971
1542250962995
1542250963018
1542250963043
1542250963064
1542250963085
1542250963104
1542250963123
1542250963143
1542250963156
1542250963173
1542250963196
1542250963221
1542250963240
1542250963254
1542250963269
1542250963288
1542250963307
1542250963325
1542250963342
1542250963359
1542250963381
1542250963402
1542250963423
1542250963440
1542250963457
1542250963479
1542250963500
1542250963521
1542250963539
1542250963556
1542250963577
1542250963600
1542250963619
1542250963635
1542250963651
1542250963669
1542250963691
1542250963710
1542250963725
1542250963742
1542250963764
1542250963785
1542250963809
1542250963825
1542250963839
1542250963857
1542250963876
1542250963894
1542250963907
1542250963925
1542250963948
1542250963974
1542250963995
1542250964011
1542250964027
1542250964048
1542250964073
1542250964096
1542250964112
1542250964128
1542250964147
1542250964167
1542250964186
1542250964200
1542250964216
1542250964235
1542250964254
1542250964280
1542250964300
1542250964320
1542250964340
1542250964360
1542250964382
1542250964398
1542250964415
1542250964431
1542250964450
1542250964471
1542250964489
1542250964507
1542250964531
1542250964555
1542250964580
1542250964600
1542250964626
1542250964645
1542250964665
1542250964684
1542250964705
1542250964720
1542250964742
1542250964768
1542250964788
1542250964807
1542250964827
1542250964848
1542250964868
1542250964891
1542250964908
1542250964925
1542250964946
1542250964974
1542250964996
1542250965011
1542250965027
1542250965047
1542250965066
1542250965083
1542250965098
1542250965113
1542250965136
1542250965156
1542250965183
1542250965201
1542250965216
1542250965237
1542250965257
1542250965277
1542250965293
1542250965308
1542250965326
1542250965345
1542250965365
1542250965378
1542250965393
1542250965408
1542250965427
1542250965448
1542250965464
1542250965480
1542250965499
1542250965521
1542250965542
1542250965558
1542250965574
1542250965593
1542250965611
1542250965632
1542250965647
1542250965661
1542250965681
1542250965701
1542250965720
1542250965733
1542250965747
1542250965766
1542250965785
1542250965810
1542250965825
1542250965843
1542250965864
1542250965888
1542250965910
1542250965928
1542250965945
1542250965966
1542250965987
1542250966007
1542250966024
1542250966042
1542250966063
1542250966085
1542250966106
1542250966124
1542250966142
1542250966163
1542250966184
1542250966206
1542250966223
1542250966240
1542250966260
1542250966282
1542250966303
1542250966321
1542250966338
1542250966359
1542250966379
1542250966401
1542250966416
1542250966436
1542250966457
1542250966477
1542250966496
1542250966509
1542250966524
1542250966541
1542250966559
1542250966577
1542250966592
1542250966608
1542250966627
1542250966645
1542250966664
1542250966680
1542250966697
1542250966719
1542250966739
1542250966760
1542250966779
1542250966797
1542250966819
1542250966842
1542250966861
1542250966876
1542250966892
1542250966912
1542250966931
1542250966953
1542250966970
1542250966985
1542250967008
1542250967028
1542250967046
1542250967060
1542250967076
1542250967098
1542250967117
1542250967138
1542250967155
1542250967172
1542250967190
1542250967210
1542250967232
1542250967250
1542250967265
1542250967284
1542250967302
1542250967323
1542250967339
1542250967354
1542250967376
1542250967396
1542250967416
1542250967431
1542250967448
1542250967468
1542250967488
1542250967508
1542250967525
1542250967540
1542250967561
1542250967581
1542250967607
1542250967624
1542250967639
1542250967661
1542250967683
1542250967704
1542250967722
1542250967739
1542250967763
1542250967786
1542250967808
1542250967823
1542250967845
1542250967864
1542250967885
1542250967903
1542250967921
1542250967935
1542250967953
1542250967976
1542250967997
1542250968012
1542250968031
1542250968054
1542250968072
1542250968092
1542250968113
1542250968129
1542250968149
1542250968168
1542250968191
1542250968205
1542250968223
1542250968241
1542250968264
1542250968285
1542250968305
1542250968323
1542250968346
1542250968365
1542250968388
1542250968407
1542250968424
1542250968447
1542250968467
1542250968486
1542250968500
1542250968519
1542250968538
1542250968562
1542250968583
1542250968598
1542250968615
1542250968633
1542250968652
1542250968670
1542250968683
1542250968697
1542250968715
1542250968734
1542250968752
1542250968767
1542250968783
1542250968806
1542250968828
1542250968847
1542250968862
1542250968876
1542250968896
1542250968915
1542250968934
1542250968951
1542250968964
1542250968983
1542250969001
1542250969021
1542250969035
1542250969051
1542250969069
1542250969091
1542250969111
1542250969124
1542250969140
1542250969160
1542250969177
1542250969199
1542250969220
1542250969240
1542250969259
1542250969281
1542250969303
1542250969321
1542250969338
1542250969364
1542250969386
1542250969407
1542250969425
1542250969444
1542250969466
1542250969494
1542250969514
1542250969530
1542250969543
1542250969563
1542250969582
1542250969602
1542250969622
1542250969637
1542250969654
1542250969672
1542250969689
1542250969704
1542250969721
1542250969739
1542250969756
1542250969774
1542250969791
1542250969807
1542250969829
1542250969850
1542250969878
1542250969895
1542250969913
1542250969934
1542250969956
1542250969977
1542250969995
1542250970014
1542250970035
1542250970058
1542250970080
1542250970098
1542250970115
1542250970137
1542250970158
1542250970181
1542250970199
1542250970219
1542250970240
1542250970259
1542250970279
1542250970292
1542250970306
1542250970324
1542250970341
1542250970358
1542250970375
1542250970392
1542250970413
1542250970433
1542250970454
1542250970472
1542250970490
1542250970511
1542250970532
1542250970554
1542250970572
1542250970592
1542250970615
1542250970636
1542250970657
1542250970672
1542250970691
1542250970710
1542250970731
1542250970749
1542250970763
1542250970777
1542250970799
1542250970818
1542250970840
1542250970857
1542250970872
1542250970892
1542250970911
1542250970933
1542250970948
1542250970963
1542250970982
1542250971001
1542250971020
1542250971034
1542250971052
1542250971071
1542250971094
1542250971112
1542250971128
1542250971145
1542250971167
1542250971186
1542250971208
1542250971225
1542250971243
1542250971263
1542250971284
1542250971305
1542250971323
1542250971341
1542250971366
1542250971386
1542250971409
1542250971425
1542250971442
1542250971463
1542250971491
1542250971512
1542250971529
1542250971547
1542250971572
1542250971595
1542250971617
1542250971635
1542250971654
1542250971673
1542250971697
1542250971716
1542250971734
1542250971751
1542250971773
1542250971795
1542250971815
1542250971832
1542250971850
1542250971871
1542250971893
1542250971912
1542250971932
1542250971949
1542250971967
1542250971985
1542250972009
1542250972024
1542250972041
1542250972066
1542250972087
1542250972110
1542250972127
1542250972145
1542250972165
1542250972186
1542250972209
1542250972228
1542250972245
1542250972267
1542250972286
1542250972309
1542250972326
1542250972341
1542250972363
1542250972384
1542250972406
1542250972420
1542250972436
1542250972458
1542250972480
1542250972502
1542250972517
1542250972535
1542250972556
1542250972578
1542250972598
1542250972619
1542250972635
1542250972653
1542250972671
1542250972691
1542250972703
1542250972718
1542250972739
1542250972759
1542250972777
1542250972790
1542250972804
1542250972825
1542250972844
1542250972864
1542250972884
1542250972899
1542250972919
1542250972938
1542250972960
1542250972975
1542250972990
1542250973008
1542250973030
1542250973052
1542250973069
1542250973083
1542250973102
1542250973122
1542250973142
1542250973157
1542250973173
1542250973192
1542250973210
1542250973229
1542250973247
1542250973262
1542250973282
1542250973301
1542250973321
1542250973336
1542250973352
1542250973373
1542250973395
1542250973414
1542250973432
1542250973447
1542250973474
1542250973497
1542250973518
1542250973532
1542250973549
1542250973568
1542250973588
1542250973606
1542250973623
1542250973640
1542250973662
1542250973682
1542250973701
1542250973717
1542250973730
1542250973750
1542250973775
1542250973796
1542250973813
1542250973828
1542250973847
1542250973867
1542250973886
1542250973900
1542250973915
1542250973933
1542250973958
1542250973980
1542250973998
1542250974021
1542250974044
1542250974071
1542250974099
1542250974121
1542250974144
1542250974165
1542250974187
1542250974210
1542250974226
1542250974245
1542250974267
1542250974292
1542250974312
1542250974329
1542250974347
1542250974370
1542250974392
1542250974414
1542250974435
1542250974453
1542250974475
1542250974499
1542250974521
1542250974538
1542250974554
1542250974577
1542250974599
1542250974620
1542250974636
1542250974653
1542250974674
1542250974696
1542250974717
1542250974734
1542250974750
1542250974770
1542250974789
1542250974807
1542250974823
1542250974837
1542250974856
1542250974873
1542250974892
1542250974908
1542250974925
1542250974945
1542250974963
1542250974979
1542250974994
1542250975010
1542250975041
1542250975063
1542250975082
1542250975097
1542250975113
1542250975137
1542250975160
1542250975186
1542250975204
1542250975223
1542250975244
1542250975265
1542250975288
1542250975304
1542250975323
1542250975345
1542250975363
1542250975382
1542250975397
1542250975412
1542250975430
1542250975447
1542250975467
1542250975480
1542250975496
1542250975515
1542250975535
1542250975554
1542250975570
1542250975586
1542250975605
1542250975629
1542250975649
1542250975665
1542250975682
1542250975705
1542250975722
1542250975741
1542250975757
1542250975773
1542250975793
1542250975811
1542250975829
1542250975845
1542250975861
1542250975882
1542250975902
1542250975921
1542250975935
1542250975949
1542250975966
1542250975985
1542250976001
1542250976017
1542250976032
1542250976050
1542250976068
1542250976086
1542250976098
1542250976112
1542250976130
1542250976150
1542250976169
1542250976183
1542250976207
1542250976225
1542250976246
1542250976266
1542250976282
1542250976302
1542250976323
1542250976343
1542250976363
1542250976384
1542250976401
1542250976423
1542250976444
1542250976469
1542250976490
1542250976507
1542250976529
1542250976552
1542250976573
1542250976588
1542250976605
1542250976629
1542250976647
1542250976667
1542250976682
1542250976702
1542250976721
1542250976740
1542250976760
1542250976775
1542250976790
1542250976811
1542250976831
1542250976856
1542250976871
1542250976889
1542250976908
1542250976928
1542250977170
1542250977188
1542250977203
1542250977223
1542250977242
1542250977261
1542250977274
1542250977289
1542250977308
1542250977326
1542250977343
1542250977357
1542250977371
1542250977389
1542250977408
1542250977426
1542250977442
1542250977459
1542250977478
1542250977498
1542250977517
1542250977533
1542250977551
1542250977571
1542250977589
1542250977615
1542250977629
1542250977643
1542250977664
1542250977686
1542250977707
1542250977722
1542250977738
1542250977757
1542250977778
1542250977798
1542250977816
1542250977833
1542250977855
1542250977874
1542250977898
1542250977919
1542250977938
1542250977958
1542250977977
1542250977995
1542250978011
1542250978024
1542250978043
1542250978062
1542250978079
1542250978094
1542250978112
1542250978130
1542250978148
1542250978167
1542250978183
1542250978195
1542250978218
1542250978239
1542250978261
1542250978278
1542250978295
1542250978320
1542250978339
1542250978358
1542250978374
1542250978390
1542250978408
1542250978427
1542250978446
1542250978462
1542250978476
1542250978497
1542250978514
1542250978533
1542250978547
1542250978561
1542250978578
1542250978596
1542250978618
1542250978635
1542250978650
1542250978670
1542250978688
1542250978712
1542250978728
1542250978746
1542250978765
1542250978785
1542250978804
1542250978821
1542250978836
1542250978855
1542250978873
1542250978892
1542250978907
1542250978922
1542250978949
1542250978969
1542250978988
1542250979005
1542250979021
1542250979040
1542250979089
1542250979112
1542250979127
1542250979142
1542250979163
1542250979189
1542250979213
1542250979227
1542250979248
1542250979269
1542250979291
1542250979312
1542250979328
1542250979345
1542250979367
1542250979388
1542250979410
1542250979426
1542250979441
1542250979462
1542250979484
1542250979504
1542250979516
1542250979531
1542250979549
1542250979568
1542250979586
1542250979599
1542250979615
1542250979634
1542250979655
1542250979675
1542250979691
1542250979708
1542250979727
1542250979747
1542250979766
1542250979780
1542250979795
1542250979813
1542250979833
1542250979853
1542250979868
1542250979884
1542250979903
1542250979923
1542250979942
1542250979959
1542250979977
1542250979998
1542250980016
1542250980035
1542250980050
1542250980066
1542250980087
1542250980105
1542250980125
1542250980139
1542250980153
1542250980173
1542250980199
1542250980223
1542250980243
1542250980260
1542250980281
1542250980305
1542250980327
1542250980344
1542250980362
1542250980383
1542250980410
1542250980428
1542250980442
1542250980457
1542250980481
1542250980502
1542250980522
1542250980538
1542250980553
1542250980573
1542250980594
1542250980613
1542250980629
1542250980644
1542250980662
1542250980687
1542250980707
1542250980722
1542250980737
1542250980757
1542250980774
1542250980792
1542250980807
1542250980823
1542250980844
1542250980867
1542250980890
1542250980906
1542250980923
1542250980943
1542250980967
1542250980990
1542250981007
1542250981023
1542250981044
1542250981064
1542250981083
1542250981099
1542250981115
1542250981138
1542250981158
1542250981179
1542250981194
1542250981210
1542250981232
1542250981255
1542250981275
1542250981290
1542250981306
1542250981329
1542250981350
1542250981372
1542250981393
1542250981413
1542250981439
1542250981464
1542250981489
1542250981511
1542250981534
1542250981554
1542250981571
1542250981589
1542250981604
1542250981618
1542250981639
1542250981657
1542250981675
1542250981689
1542250981704
1542250981724
1542250981743
1542250981762
1542250981778
1542250981793
1542250981812
1542250981830
1542250981849
1542250981864
1542250981880
1542250981899
1542250981918
1542250981938
1542250981954
1542250981969
1542250981997
1542250982016
1542250982038
1542250982053
1542250982069
1542250982090
1542250982108
1542250982127
1542250982145
1542250982160
1542250982178
1542250982195
1542250982214
1542250982230
1542250982246
1542250982268
1542250982289
1542250982309
1542250982326
1542250982344
1542250982365
1542250982384
1542250982408
1542250982423
1542250982438
1542250982457
1542250982477
1542250982498
1542250982514
1542250982527
1542250982547
1542250982565
1542250982584
1542250982597
1542250982612
1542250982628
1542250982648
1542250982669
1542250982687
1542250982703
1542250982722
1542250982741
1542250982759
1542250982775
1542250982792
1542250982812
1542250982832
1542250982853
1542250982870
1542250982887
1542250982908
1542250982927
1542250982950
1542250982967
1542250982987
1542250983011
1542250983038
1542250983060
1542250983076
1542250983093
1542250983112
1542250983131
1542250983150
1542250983166
1542250983181
1542250983202
1542250983221
1542250983243
1542250983260
1542250983276
1542250983298
1542250983321
1542250983343
1542250983364
1542250983386
1542250983412
1542250983435
1542250983462
1542250983476
1542250983494
1542250983513
1542250983534
1542250983553
1542250983570
1542250983585
1542250983604
1542250983625
1542250983645
1542250983661
1542250983676
1542250983695
1542250983715
1542250983735
1542250983752
1542250983767
1542250983790
1542250983810
1542250983829
1542250983842
1542250983857
1542250983878
1542250983896
1542250983914
1542250983929
1542250983948
1542250983972
1542250983995
1542250984022
1542250984041
1542250984064
1542250984090
1542250984110
1542250984129
1542250984145
1542250984160
1542250984178
1542250984196
1542250984214
1542250984230
1542250984246
1542250984268
1542250984288
1542250984308
1542250984322
1542250984338
1542250984359
1542250984380
1542250984412
1542250984427
1542250984445
1542250984465
1542250984486
1542250984505
1542250984523
1542250984538
1542250984560
1542250984579
1542250984605
1542250984621
1542250984638
1542250984658
1542250984682
1542250984705
1542250984718
1542250984732
1542250984749
1542250984769
1542250984786
1542250984802
1542250984819
1542250984841
1542250984863
1542250984884
1542250984902
1542250984919
1542250984943
1542250984968
1542250984996
1542250985017
1542250985036
1542250985059
1542250985079
1542250985102
1542250985119
1542250985138
1542250985158
1542250985177
1542250985198
1542250985214
1542250985232
1542250985252
1542250985274
1542250985293
1542250985310
1542250985324
1542250985343
1542250985363
1542250985384
1542250985400
1542250985416
1542250985437
1542250985456
1542250985477
1542250985494
1542250985510
1542250985529
1542250985551
1542250985572
1542250985588
1542250985604
1542250985625
1542250985644
1542250985663
1542250985680
1542250985697
1542250985719
1542250985738
1542250985758
1542250985776
1542250985793
1542250985814
1542250985834
1542250985854
1542250985872
1542250985891
1542250985914
1542250985937
1542250985959
1542250985975
1542250985996
1542250986017
1542250986039
1542250986060
1542250986076
1542250986093
1542250986119
1542250986141
1542250986162
1542250986179
1542250986197
1542250986218
1542250986240
1542250986261
1542250986279
1542250986296
1542250986319
1542250986339
1542250986361
1542250986376
1542250986393
1542250986413
1542250986433
1542250986455
1542250986472
1542250986487
1542250986507
1542250986526
1542250986552
1542250986567
1542250986581
1542250986599
1542250986623
1542250986640
1542250986654
1542250986669
1542250986687
1542250986706
1542250986726
1542250986741
1542250986755
1542250986776
1542250986799
1542250986819
1542250986835
1542250986852
1542250986874
1542250986896
1542250986917
1542250986932
1542250986951
1542250986973
1542250986995
1542250987017
1542250987030
1542250987046
1542250987063
1542250987079
1542250987098
1542250987116
1542250987135
1542250987157
1542250987396
1542250987417
1542250987430
1542250987444
1542250987461
1542250987479
1542250987497
1542250987511
1542250987527
1542250987545
1542250958472
1542250958499
1542250958519
1542250958773
1542250958798
1542250958824
1542250958845
1542250958864
1542250958886
1542250958921
1542250958952
1542250958977
1542250958996
1542250959015
1542250959038
1542250959065
1542250959095
1542250959112
1542250959130
1542250959155
1542250959176
1542250959200
1542250959218
1542250959238
1542250959261
1542250959284
1542250959305
1542250959323
1542250959345
1542250959368
1542250959389
1542250959410
1542250959430
1542250959448
1542250959469
1542250959492
1542250959512
1542250959531
1542250959555
1542250959579
1542250959600
1542250959620
1542250959639
1542250959659
1542250959680
1542250959700
1542250959721
1542250959738
1542250959755
1542250959776
1542250959796
1542250959815
1542250959831
1542250959846
1542250959865
1542250959889
1542250959910
1542250959926
1542250959942
1542250959964
1542250959986
1542250960008
1542250960027
1542250960048
1542250960070
1542250960092
1542250960117
1542250960134
1542250960152
1542250960175
1542250960198
1542250960219
1542250960236
1542250960254
1542250960275
1542250960306
1542250960327
1542250960345
1542250960361
1542250960382
1542250960401
1542250960423
1542250960440
1542250960456
1542250960476
1542250960496
1542250960516
1542250960537
1542250960554
1542250960575
1542250960595
1542250960616
1542250960634
1542250960651
1542250960671
1542250960698
1542250960719
1542250960733
1542250960748
1542250960765
1542250960789
1542250960810
1542250960825
1542250960841
1542250960860
1542250960881
1542250960901
1542250960919
1542250960933
1542250960958
1542250960979
1542250961005
1542250961022
1542250961038
1542250961057
1542250961079
1542250961100
1542250961117
1542250961134
1542250961156
1542250961178
1542250961200
1542250961217
1542250961233
1542250961255
1542250961275
1542250961296
1542250961311
1542250961325
1542250961344
1542250961364
1542250961383
1542250961399
1542250961413
1542250961434
1542250961453
1542250961472
1542250961490
1542250961508
1542250961529
1542250961550
1542250961571
1542250961585
1542250961602
1542250961623
1542250961644
1542250961665
1542250961688
1542250961925
1542250961946
1542250961968
1542250961990
1542250962009
1542250962027
1542250962049
1542250962072
1542250962095
1542250962113
1542250962131
1542250962151
1542250962172
1542250962194
1542250962211
1542250962228
1542250962249
1542250962270
1542250962290
1542250962308
1542250962324
1542250962346
1542250962368
1542250962391
1542250962409
1542250962428
1542250962448
1542250962468
1542250962487
1542250962505
1542250962522
1542250962542
1542250962563
1542250962585
1542250962602
1542250962618
1542250962639
1542250962660
1542250962680
1542250962696
1542250962711
1542250962728
1542250962754
1542250962772
1542250962787
1542250962804
1542250962821
1542250962838
1542250962858
1542250962873
1542250962889
1542250962908
1542250962928
1542250962953
1542250962971
1542250962994
1542250963020
1542250963046
1542250963072
1542250963094
1542250963115
1542250963137
1542250963158
1542250963182
1542250963205
1542250963227
1542250963246
1542250963266
1542250963288
1542250963303
1542250963319
1542250963340
1542250963359
1542250963379
1542250963394
1542250963408
1542250963425
1542250963444
1542250963462
1542250963476
1542250963492
1542250963511
1542250963529
1542250963547
1542250963564
1542250963578
1542250963597
1542250963615
1542250963634
1542250963651
1542250963669
1542250963688
1542250963705
1542250963724
1542250963740
1542250963755
1542250963775
1542250963792
1542250963809
1542250963825
1542250963841
1542250963860
1542250963880
1542250963899
1542250963915
1542250963931
1542250963954
1542250963976
1542250963995
1542250964013
1542250964030
1542250964051
1542250964073
1542250964099
1542250964117
1542250964136
1542250964157
1542250964179
1542250964199
1542250964217
1542250964233
1542250964254
1542250964277
1542250964295
1542250964309
1542250964323
1542250964343
1542250964363
1542250964382
1542250964400
1542250964418
1542250964438
1542250964463
1542250964487
1542250964507
1542250964530
1542250964559
1542250964584
1542250964834
1542250964852
1542250964868
1542250964888
1542250964912
1542250964931
1542250964954
1542250964970
1542250964992
1542250965011
1542250965033
1542250965052
1542250965070
1542250965091
1542250965112
1542250965132
1542250965149
1542250965164
1542250965183
1542250965202
1542250965223
1542250965240
1542250965255
1542250965275
1542250965296
1542250965316
1542250965332
1542250965349
1542250965369
1542250965389
1542250965408
1542250965423
1542250965437
1542250965456
1542250965474
1542250965493
1542250965507
1542250965523
1542250965542
1542250965566
1542250965587
1542250965607
1542250965623
1542250965644
1542250965667
1542250965688
1542250965706
1542250965724
1542250965745
1542250965764
1542250965784
1542250965803
1542250965820
1542250965839
1542250965863
1542250965886
1542250965902
1542250965919
1542250965939
1542250965958
1542250965977
1542250965994
1542250966011
1542250966031
1542250966051
1542250966071
1542250966085
1542250966098
1542250966118
1542250966138
1542250966156
1542250966171
1542250966186
1542250966208
1542250966227
1542250966245
1542250966260
1542250966273
1542250966294
1542250966313
1542250966332
1542250966349
1542250966364
1542250966384
1542250966405
1542250966426
1542250966442
1542250966457
1542250966479
1542250966496
1542250966516
1542250966531
1542250966549
1542250966570
1542250966590
1542250966610
1542250966624
1542250966643
1542250966664
1542250966688
1542250966711
1542250966733
1542250966752
1542250966776
1542250966801
1542250966824
1542250966846
1542250966862
1542250966882
1542250966904
1542250966925
1542250966944
1542250966962
1542250966985
1542250967005
1542250967027
1542250967042
1542250967059
1542250967080
1542250967100
1542250967117
1542250967131
1542250967145
1542250967164
1542250967183
1542250967203
1542250967217
1542250967232
1542250967252
1542250967273
1542250967289
1542250967303
1542250967317
1542250967339
1542250967356
1542250967376
1542250967390
1542250967406
1542250967423
1542250967444
1542250967462
1542250967476
1542250967494
1542250967518
1542250967538
1542250967563
1542250967580
1542250967597
1542250967618
1542250967639
1542250967661
1542250967676
1542250967694
1542250967714
1542250967736
1542250967754
1542250967771
1542250967786
1542250967808
1542250967829
1542250967855
1542250967872
1542250967889
1542250967908
1542250967930
1542250967951
1542250967970
1542250967987
1542250968009
1542250968031
1542250968054
1542250968069
1542250968088
1542250968113
1542250968135
1542250968157
1542250968174
1542250968194
1542250968219
1542250968241
1542250968261
1542250968277
1542250968293
1542250968313
1542250968336
1542250968355
1542250968368
1542250968382
1542250968409
1542250968428
1542250968447
1542250968465
1542250968482
1542250968503
1542250968525
1542250968546
1542250968565
1542250968581
1542250968601
1542250968621
1542250968642
1542250968660
1542250968677
1542250968700
1542250968722
1542250968744
1542250968761
1542250968779
1542250968804
1542250968825
1542250968847
1542250968865
1542250968882
1542250968904
1542250968923
1542250968948
1542250968966
1542250968983
1542250969005
1542250969026
1542250969047
1542250969064
1542250969081
1542250969106
1542250969128
1542250969149
1542250969168
1542250969185
1542250969210
1542250969236
1542250969259
1542250969273
1542250969288
1542250969307
1542250969326
1542250969343
1542250969363
1542250969378
1542250969400
1542250969420
1542250969449
1542250969466
1542250969487
1542250969510
1542250969533
1542250969554
1542250969571
1542250969586
1542250969608
1542250969627
1542250969646
1542250969662
1542250969678
1542250969701
1542250969721
1542250969742
1542250969758
1542250969774
1542250969793
1542250969811
1542250969833
1542250969850
1542250969870
1542250969891
1542250969911
1542250969930
1542250969950
1542250969965
1542250969985
1542250970004
1542250970022
1542250970038
1542250970053
1542250970072
1542250970090
1542250970107
1542250970121
1542250970135
1542250970154
1542250970174
1542250970191
1542250970207
1542250970221
1542250970242
1542250970263
1542250970283
1542250970298
1542250970316
1542250970334
1542250970352
1542250970372
1542250970387
1542250970402
1542250970419
1542250970437
1542250970454
1542250970468
1542250970482
1542250970502
1542250970525
1542250970547
1542250970562
1542250970575
1542250970599
1542250970618
1542250970638
1542250970656
1542250970671
1542250970693
1542250970711
1542250970731
1542250970748
1542250970765
1542250970787
1542250970806
1542250970826
1542250970840
1542250970858
1542250970876
1542250970894
1542250970913
1542250970929
1542250970945
1542250970963
1542250970981
1542250971003
1542250971018
1542250971039
1542250971060
1542250971079
1542250971098
1542250971115
1542250971130
1542250971149
1542250971169
1542250971188
1542250971205
1542250971219
1542250971238
1542250971257
1542250971278
1542250971293
1542250971307
1542250971324
1542250971343
1542250971364
1542250971378
1542250971394
1542250971411
1542250971429
1542250971451
1542250971468
1542250971482
1542250971500
1542250971517
1542250971537
1542250971551
1542250971566
1542250971588
1542250971607
1542250971625
1542250971640
1542250971656
1542250971675
1542250971693
1542250971712
1542250971726
1542250971740
1542250971758
1542250971777
1542250971796
1542250971813
1542250971828
1542250971847
1542250971867
1542250971886
1542250971902
1542250971919
1542250971940
1542250971961
1542250971980
1542250971996
1542250972012
1542250972030
1542250972051
1542250972075
1542250972090
1542250972106
1542250972125
1542250972145
1542250972165
1542250972182
1542250972197
1542250972218
1542250972237
1542250972260
1542250972278
1542250972297
1542250972319
1542250972341
1542250972363
1542250972383
1542250972402
1542250972423
1542250972445
1542250972467
1542250972483
1542250972500
1542250972525
1542250972547
1542250972565
1542250972583
1542250972598
1542250972621
1542250972642
1542250972662
1542250972677
1542250972692
1542250972712
1542250972734
1542250972753
1542250972768
1542250972784
1542250972803
1542250972821
1542250972838
1542250972852
1542250972868
1542250972887
1542250972905
1542250972927
1542250972940
1542250972953
1542250972971
1542250972989
1542250973008
1542250973022
1542250973038
1542250973058
1542250973079
1542250973096
1542250973112
1542250973128
1542250973146
1542250973165
1542250973182
1542250973197
1542250973210
1542250973229
1542250973248
1542250973266
1542250973280
1542250973295
1542250973314
1542250973340
1542250973358
1542250973373
1542250973387
1542250973407
1542250973424
1542250973443
1542250973459
1542250973476
1542250973500
1542250973522
1542250973543
1542250973560
1542250973578
1542250973595
1542250973613
1542250973631
1542250973648
1542250973662
1542250973685
1542250973706
1542250973727
1542250973744
1542250973758
1542250973778
1542250973796
1542250973817
1542250973832
1542250973847
1542250973869
1542250973892
1542250973914
1542250973931
1542250973947
1542250973970
1542250973992
1542250974011
1542250974029
1542250974048
1542250974073
1542250974312
1542250974333
1542250974349
1542250974363
1542250974384
1542250974405
1542250974425
1542250974440
1542250974456
1542250974478
1542250974499
1542250974519
1542250974534
1542250974550
1542250974570
1542250974588
1542250974610
1542250974625
1542250974641
1542250974659
1542250974676
1542250974698
1542250974716
1542250974731
1542250974750
1542250974772
1542250974793
1542250974811
1542250974829
1542250974851
1542250974871
1542250974892
1542250974909
1542250974926
1542250974946
1542250974967
1542250974989
1542250975006
1542250975028
1542250975050
1542250975072
1542250975094
1542250975113
1542250975131
1542250975158
1542250975186
1542250975207
1542250975221
1542250975237
1542250975257
1542250975277
1542250975295
1542250975310
1542250975325
1542250975345
1542250975367
1542250975389
1542250975407
1542250975424
1542250975445
1542250975469
1542250975490
1542250975508
1542250975525
1542250975547
1542250975567
1542250975588
1542250975602
1542250975617
1542250975635
1542250975654
1542250975672
1542250975687
1542250975701
1542250975718
1542250975735
1542250975754
1542250975768
1542250975783
1542250975800
1542250975818
1542250975837
1542250975853
1542250975867
1542250975884
1542250975902
1542250975923
1542250975939
1542250975954
1542250975975
1542250975996
1542250976013
1542250976029
1542250976045
1542250976064
1542250976083
1542250976103
1542250976121
1542250976138
1542250976159
1542250976179
1542250976198
1542250976214
1542250976230
1542250976250
1542250976272
1542250976292
1542250976307
1542250976323
1542250976344
1542250976363
1542250976384
1542250976399
1542250976415
1542250976435
1542250976454
1542250976473
1542250976490
1542250976507
1542250976529
1542250976552
1542250976573
1542250976592
1542250976610
1542250976632
1542250976653
1542250976674
1542250976692
1542250976713
1542250976739
1542250976762
1542250976786
1542250976803
1542250976820
1542250976844
1542250976864
1542250976884
1542250976901
1542250976918
1542250976937
1542250976959
1542250976978
1542250976996
1542250977014
1542250977038
1542250977059
1542250977080
1542250977098
1542250977115
1542250977137
1542250977164
1542250977183
1542250977201
1542250977217
1542250977238
1542250977257
1542250977280
1542250977296
1542250977314
1542250977334
1542250977356
1542250977378
1542250977395
1542250977416
1542250977436
1542250977458
1542250977480
1542250977496
1542250977513
1542250977535
1542250977558
1542250977578
1542250977595
1542250977614
1542250977634
1542250977654
1542250977675
1542250977693
1542250977712
1542250977734
1542250977751
1542250977771
1542250977786
1542250977800
1542250977821
1542250977843
1542250977865
1542250977880
1542250977898
1542250977925
1542250977948
1542250977970
1542250977985
1542250978001
1542250978026
1542250978046
1542250978067
1542250978082
1542250978098
1542250978116
1542250978139
1542250978159
1542250978175
1542250978191
1542250978209
1542250978229
1542250978248
1542250978265
1542250978281
1542250978300
1542250978320
1542250978344
1542250978359
1542250978376
1542250978395
1542250978417
1542250978440
1542250978460
1542250978477
1542250978499
1542250978522
1542250978541
1542250978559
1542250978575
1542250978596
1542250978614
1542250978635
1542250978649
1542250978662
1542250978680
1542250978697
1542250978715
1542250978731
1542250978744
1542250978762
1542250978779
1542250978797
1542250978810
1542250978824
1542250978841
1542250978860
1542250978879
1542250978894
1542250978907
1542250978927
1542250978949
1542250978969
1542250978986
1542250979002
1542250979026
1542250979073
1542250979108
1542250979123
1542250979141
1542250979160
1542250979187
1542250979210
1542250979227
1542250979246
1542250979266
1542250979286
1542250979306
1542250979322
1542250979339
1542250979359
1542250979378
1542250979396
1542250979412
1542250979428
1542250979446
1542250979465
1542250979486
1542250979501
1542250979516
1542250979534
1542250979552
1542250979572
1542250979587
1542250979606
1542250979625
1542250979643
1542250979665
1542250979681
1542250979696
1542250979714
1542250979734
1542250979750
1542250979766
1542250979782
1542250979801
1542250979822
1542250979841
1542250979857
1542250979872
1542250979893
1542250979915
1542250979934
1542250979948
1542250979963
1542250979983
1542250980000
1542250980016
1542250980034
1542250980051
1542250980073
1542250980096
1542250980116
1542250980133
1542250980151
1542250980173
1542250980194
1542250980212
1542250980227
1542250980244
1542250980262
1542250980281
1542250980301
1542250980318
1542250980334
1542250980357
1542250980377
1542250980399
1542250980415
1542250980433
1542250980451
1542250980689
1542250980709
1542250980724
1542250980741
1542250980762
1542250980782
1542250980803
1542250980821
1542250980836
1542250980856
1542250980875
1542250980892
1542250980908
1542250980923
1542250980947
1542250980968
1542250980992
1542250981009
1542250981027
1542250981046
1542250981068
1542250981089
1542250981107
1542250981122
1542250981146
1542250981168
1542250981191
1542250981207
1542250981221
1542250981245
1542250981263
1542250981281
1542250981296
1542250981311
1542250981329
1542250981348
1542250981372
1542250981393
1542250981413
1542250981439
1542250981466
1542250981491
1542250981515
1542250981536
1542250981559
1542250981577
1542250981596
1542250981612
1542250981627
1542250981649
1542250981668
1542250981689
1542250981704
1542250981718
1542250981736
1542250981754
1542250981774
1542250981787
1542250981801
1542250981819
1542250981838
1542250981856
1542250981872
1542250981886
1542250981905
1542250981922
1542250981942
1542250981956
1542250981977
1542250981998
1542250982016
1542250982034
1542250982053
1542250982069
1542250982088
1542250982107
1542250982129
1542250982147
1542250982163
1542250982184
1542250982205
1542250982226
1542250982242
1542250982258
1542250982277
1542250982299
1542250982320
1542250982336
1542250982352
1542250982371
1542250982390
1542250982410
1542250982426
1542250982441
1542250982461
1542250982481
1542250982500
1542250982517
1542250982533
1542250982555
1542250982574
1542250982595
1542250982611
1542250982627
1542250982648
1542250982667
1542250982686
1542250982702
1542250982716
1542250982734
1542250982751
1542250982768
1542250982784
1542250982802
1542250982824
1542250982845
1542250982866
1542250982887
1542250982904
1542250982921
1542250982939
1542250982957
1542250982970
1542250982988
1542250983007
1542250983027
1542250983046
1542250983063
1542250983076
1542250983098
1542250983118
1542250983139
1542250983158
1542250983175
1542250983196
1542250983218
1542250983237
1542250983254
1542250983270
1542250983291
1542250983315
1542250983336
1542250983356
1542250983381
1542250983409
1542250983433
1542250983460
1542250983476
1542250983491
1542250983510
1542250983528
1542250983547
1542250983562
1542250983577
1542250983594
1542250983614
1542250983634
1542250983649
1542250983663
1542250983684
1542250983702
1542250983719
1542250983733
1542250983749
1542250983767
1542250983789
1542250983811
1542250983827
1542250983842
1542250983862
1542250983878
1542250983900
1542250983918
1542250983936
1542250983964
1542250983990
1542250984020
1542250984044
1542250984068
1542250984095
1542250984120
1542250984141
1542250984158
1542250984175
1542250984196
1542250984218
1542250984240
1542250984258
1542250984276
1542250984296
1542250984318
1542250984338
1542250984354
1542250984369
1542250984388
1542250984412
1542250984431
1542250984451
1542250984468
1542250984489
1542250984507
1542250984527
1542250984540
1542250984556
1542250984575
1542250984593
1542250984612
1542250984627
1542250984641
1542250984659
1542250984682
1542250984705
1542250984720
1542250984736
1542250984757
1542250984779
1542250984801
1542250984818
1542250984833
1542250984853
1542250984873
1542250984890
1542250984906
1542250984921
1542250984943
1542250984962
1542250984988
1542250985009
1542250985025
1542250985045
1542250985065
1542250985085
1542250985100
1542250985116
1542250985136
1542250985155
1542250985177
1542250985191
1542250985206
1542250985224
1542250985243
1542250985261
1542250985276
1542250985289
1542250985309
1542250985328
1542250985346
1542250985360
1542250985375
1542250985395
1542250985414
1542250985434
1542250985449
1542250985463
1542250985484
1542250985506
1542250985527
1542250985541
1542250985555
1542250985575
1542250985597
1542250985617
1542250985631
1542250985647
1542250985663
1542250985682
1542250985699
1542250985715
1542250985730
1542250985750
1542250985776
1542250985797
1542250985814
1542250985832
1542250985853
1542250985873
1542250985891
1542250985908
1542250985926
1542250985949
1542250985971
1542250985994
1542250986010
1542250986027
1542250986046
1542250986065
1542250986082
1542250986097
1542250986113
1542250986133
1542250986152
1542250986172
1542250986189
1542250986205
1542250986224
1542250986244
1542250986264
1542250986281
1542250986296
1542250986316
1542250986335
1542250986354
1542250986369
1542250986382
1542250986401
1542250986419
1542250986437
1542250986451
1542250986466
1542250986484
1542250986503
1542250986520
1542250986534
1542250986550
1542250986567
1542250986589
1542250986609
1542250986626
1542250986642
1542250986661
1542250986680
1542250986702
1542250986720
1542250986737
1542250986757
1542250986776
1542250986796
1542250986809
1542250986825
1542250986844
1542250986865
1542250986883
1542250986899
1542250986915
1542250986932
1542250986952
1542250986968
1542250986983
1542250986999
1542250987018
1542250987042
1542250987061
1542250987078
1542250987094
1542250987117
1542250987138
1542250987159
1542250987178
1542250987194
1542250987215
1542250987243
1542250987266
1542250987289
1542250987313
1542250987340
1542250987369
1542250987387
1542250987403
1542250987417
1542250987438
1542250987459
1542250987481
1542250987497
1542250987513
1542250987533
1542250987553
1542250987575
1542250987592
1542250987608
1542250987628
1542250987648
1542250987670
1542250987688
1542250987703
1542250987722
1542250987746
1542250987769
1542250987789
1542250988023
1542250988042
1542250988064
1542250988084
1542250988100
1542250988114
1542250988134
1542250988155
1542250988175
1542250988191
1542250988206
1542250988225
1542250988252
1542250988271
1542250988289
1542250988304
1542250988324
1542250958390
1542250958467
1542250958504
1542250958523
1542250958771
1542250958794
1542250958814
1542250958830
1542250958845
1542250958872
1542250958900
1542250958927
1542250958953
1542250958968
1542250958987
1542250959007
1542250959026
1542250959042
1542250959090
1542250959111
1542250959132
1542250959157
1542250959175
1542250959192
1542250959212
1542250959231
1542250959251
1542250959268
1542250959284
1542250959305
1542250959327
1542250959349
1542250959371
1542250959389
1542250959413
1542250959433
1542250959453
1542250959471
1542250959488
1542250959509
1542250959529
1542250959547
1542250959563
1542250959578
1542250959597
1542250959615
1542250959635
1542250959653
1542250959671
1542250959694
1542250959715
1542250959738
1542250959759
1542250959776
1542250959797
1542250959818
1542250959838
1542250959857
1542250959876
1542250959898
1542250959921
1542250959942
1542250959957
1542250959972
1542250959990
1542250960011
1542250960031
1542250960045
1542250960060
1542250960079
1542250960099
1542250960124
1542250960140
1542250960157
1542250960179
1542250960198
1542250960219
1542250960238
1542250960256
1542250960279
1542250960302
1542250960324
1542250960343
1542250960362
1542250960380
1542250960401
1542250960420
1542250960437
1542250960453
1542250960474
1542250960493
1542250960512
1542250960528
1542250960546
1542250960567
1542250960587
1542250960616
1542250960632
1542250960650
1542250960669
1542250960690
1542250960710
1542250960728
1542250960745
1542250960765
1542250960786
1542250960806
1542250960821
1542250960837
1542250960856
1542250960873
1542250960892
1542250960907
1542250960923
1542250960946
1542250960965
1542250960983
1542250960996
1542250961012
1542250961030
1542250961049
1542250961067
1542250961083
1542250961097
1542250961117
1542250961137
1542250961156
1542250961170
1542250961188
1542250961206
1542250961225
1542250961245
1542250961261
1542250961275
1542250961296
1542250961317
1542250961338
1542250961355
1542250961374
1542250961395
1542250961416
1542250961437
1542250961455
1542250961472
1542250961492
1542250961512
1542250961529
1542250961546
1542250961565
1542250961584
1542250961601
1542250961621
1542250961635
1542250961652
1542250961670
1542250961694
1542250961716
1542250961738
1542250961753
1542250961778
1542250961801
1542250961825
1542250961844
1542250961861
1542250961881
1542250961900
1542250961919
1542250961935
1542250961953
1542250961974
1542250961996
1542250962015
1542250962033
1542250962050
1542250962072
1542250962091
1542250962111
1542250962124
1542250962140
1542250962159
1542250962177
1542250962195
1542250962211
1542250962231
1542250962255
1542250962281
1542250962305
1542250962325
1542250962343
1542250962364
1542250962385
1542250962407
1542250962425
1542250962442
1542250962461
1542250962479
1542250962499
1542250962514
1542250962528
1542250962547
1542250962568
1542250962586
1542250962602
1542250962620
1542250962641
1542250962663
1542250962685
1542250962702
1542250962718
1542250962737
1542250962756
1542250962775
1542250962792
1542250962808
1542250962825
1542250962845
1542250962864
1542250962880
1542250962896
1542250962916
1542250962939
1542250962965
1542250962987
1542250963007
1542250963032
1542250963057
1542250963082
1542250963102
1542250963119
1542250963139
1542250963160
1542250963182
1542250963207
1542250963229
1542250963250
1542250963286
1542250963309
1542250963326
1542250963342
1542250963363
1542250963381
1542250963400
1542250963416
1542250963432
1542250963451
1542250963471
1542250963490
1542250963507
1542250963523
1542250963543
1542250963564
1542250963584
1542250963600
1542250963617
1542250963638
1542250963658
1542250963679
1542250963695
1542250963711
1542250963732
1542250963752
1542250963775
1542250963791
1542250963808
1542250963830
1542250963850
1542250963872
1542250963890
1542250963907
1542250963927
1542250963950
1542250963969
1542250963986
1542250963999
1542250964020
1542250964038
1542250964070
1542250964085
1542250964101
1542250964118
1542250964137
1542250964157
1542250964172
1542250964186
1542250964204
1542250964223
1542250964243
1542250964259
1542250964274
1542250964295
1542250964315
1542250964337
1542250964352
1542250964370
1542250964389
1542250964409
1542250964430
1542250964446
1542250964465
1542250964489
1542250964729
1542250964748
1542250964768
1542250964788
1542250964810
1542250964830
1542250964848
1542250964865
1542250964880
1542250964902
1542250964919
1542250964939
1542250964954
1542250964970
1542250964987
1542250965009
1542250965027
1542250965043
1542250965058
1542250965081
1542250965101
1542250965121
1542250965136
1542250965154
1542250965175
1542250965196
1542250965218
1542250965238
1542250965255
1542250965279
1542250965301
1542250965326
1542250965343
1542250965361
1542250965382
1542250965403
1542250965425
1542250965443
1542250965460
1542250965482
1542250965503
1542250965526
1542250965543
1542250965560
1542250965582
1542250965601
1542250965621
1542250965637
1542250965652
1542250965671
1542250965691
1542250965710
1542250965726
1542250965743
1542250965764
1542250965785
1542250965807
1542250965822
1542250965837
1542250965859
1542250965880
1542250965897
1542250965915
1542250965931
1542250965950
1542250965970
1542250965987
1542250966001
1542250966017
1542250966034
1542250966051
1542250966071
1542250966087
1542250966103
1542250966122
1542250966139
1542250966159
1542250966175
1542250966190
1542250966211
1542250966233
1542250966253
1542250966273
1542250966289
1542250966305
1542250966323
1542250966344
1542250966359
1542250966373
1542250966391
1542250966411
1542250966430
1542250966446
1542250966461
1542250966479
1542250966500
1542250966521
1542250966540
1542250966557
1542250966580
1542250966604
1542250966624
1542250966641
1542250966656
1542250966678
1542250966700
1542250966721
1542250966740
1542250966754
1542250966776
1542250966797
1542250966819
1542250966834
1542250966849
1542250966868
1542250966890
1542250966908
1542250966924
1542250966944
1542250966964
1542250966982
1542250967001
1542250967015
1542250967028
1542250967051
1542250967073
1542250967096
1542250967113
1542250967131
1542250967154
1542250967175
1542250967194
1542250967210
1542250967228
1542250967252
1542250967274
1542250967294
1542250967313
1542250967330
1542250967353
1542250967375
1542250967398
1542250967417
1542250967435
1542250967455
1542250967476
1542250967497
1542250967513
1542250967527
1542250967547
1542250967564
1542250967581
1542250967603
1542250967622
1542250967639
1542250967659
1542250967676
1542250967692
1542250967706
1542250967730
1542250967749
1542250967767
1542250967783
1542250967798
1542250967818
1542250967839
1542250967855
1542250967872
1542250967885
1542250967903
1542250967921
1542250967941
1542250967957
1542250967976
1542250967995
1542250968014
1542250968032
1542250968051
1542250968066
1542250968085
1542250968103
1542250968122
1542250968137
1542250968151
1542250968168
1542250968188
1542250968207
1542250968223
1542250968238
1542250968261
1542250968281
1542250968303
1542250968321
1542250968336
1542250968355
1542250968377
1542250968398
1542250968415
1542250968434
1542250968457
1542250968480
1542250968500
1542250968517
1542250968532
1542250968550
1542250968569
1542250968588
1542250968601
1542250968615
1542250968635
1542250968656
1542250968676
1542250968694
1542250968709
1542250968732
1542250968752
1542250968771
1542250968787
1542250968802
1542250968822
1542250968841
1542250968862
1542250968878
1542250968896
1542250968915
1542250968934
1542250968955
1542250968970
1542250968987
1542250969005
1542250969023
1542250969042
1542250969059
1542250969075
1542250969099
1542250969118
1542250969138
1542250969153
1542250969169
1542250969187
1542250969433
1542250969453
1542250969475
1542250969491
1542250969512
1542250969531
1542250969551
1542250969569
1542250969586
1542250969610
1542250969629
1542250969653
1542250969670
1542250969688
1542250969709
1542250969732
1542250969752
1542250969770
1542250969787
1542250969811
1542250969829
1542250969848
1542250969864
1542250969880
1542250969901
1542250969922
1542250970160
1542250970175
1542250970191
1542250970210
1542250970228
1542250970247
1542250970259
1542250970277
1542250970298
1542250970320
1542250970341
1542250970358
1542250970372
1542250970391
1542250970411
1542250970430
1542250970447
1542250970462
1542250970482
1542250970502
1542250970521
1542250970534
1542250970548
1542250970568
1542250970593
1542250970615
1542250970632
1542250970649
1542250970672
1542250970696
1542250970718
1542250970735
1542250970753
1542250970777
1542250970796
1542250970814
1542250970828
1542250970841
1542250970858
1542250970880
1542250970901
1542250970919
1542250970937
1542250970958
1542250970979
1542250971001
1542250971018
1542250971034
1542250971052
1542250971075
1542250971094
1542250971112
1542250971126
1542250971142
1542250971161
1542250971179
1542250971195
1542250971210
1542250971227
1542250971245
1542250971263
1542250971277
1542250971293
1542250971311
1542250971331
1542250971357
1542250971372
1542250971387
1542250971407
1542250971427
1542250971447
1542250971463
1542250971479
1542250971498
1542250971517
1542250971535
1542250971551
1542250971566
1542250971590
1542250971609
1542250971629
1542250971644
1542250971660
1542250971677
1542250971699
1542250971722
1542250971738
1542250971755
1542250971775
1542250971796
1542250971815
1542250971830
1542250971846
1542250971864
1542250971882
1542250971900
1542250971916
1542250971929
1542250971949
1542250971971
1542250971992
1542250972009
1542250972023
1542250972043
1542250972069
1542250972087
1542250972102
1542250972115
1542250972135
1542250972154
1542250972173
1542250972188
1542250972203
1542250972224
1542250972245
1542250972269
1542250972291
1542250972310
1542250972332
1542250972354
1542250972379
1542250972400
1542250972420
1542250972439
1542250972459
1542250972477
1542250972492
1542250972506
1542250972529
1542250972547
1542250972565
1542250972581
1542250972595
1542250972616
1542250972634
1542250972653
1542250972670
1542250972689
1542250972710
1542250972734
1542250972757
1542250972774
1542250972792
1542250972814
1542250972835
1542250972856
1542250972872
1542250972889
1542250972909
1542250972931
1542250972950
1542250972969
1542250972985
1542250973006
1542250973028
1542250973049
1542250973065
1542250973083
1542250973104
1542250973126
1542250973146
1542250973163
1542250973181
1542250973204
1542250973225
1542250973248
1542250973266
1542250973284
1542250973303
1542250973322
1542250973344
1542250973361
1542250973377
1542250973398
1542250973420
1542250973443
1542250973459
1542250973473
1542250973494
1542250973513
1542250973532
1542250973547
1542250973560
1542250973580
1542250973601
1542250973623
1542250973637
1542250973654
1542250973674
1542250973694
1542250973713
1542250973730
1542250973744
1542250973765
1542250973787
1542250973809
1542250973826
1542250973844
1542250973866
1542250973892
1542250973915
1542250973933
1542250973947
1542250973966
1542250973986
1542250974005
1542250974023
1542250974041
1542250974069
1542250974095
1542250974115
1542250974134
1542250974150
1542250974169
1542250974188
1542250974206
1542250974222
1542250974237
1542250974257
1542250974275
1542250974292
1542250974307
1542250974321
1542250974341
1542250974363
1542250974384
1542250974401
1542250974415
1542250974437
1542250974454
1542250974473
1542250974487
1542250974504
1542250974523
1542250974544
1542250974562
1542250974575
1542250974591
1542250974610
1542250974631
1542250974651
1542250974667
1542250974682
1542250974702
1542250974721
1542250974743
1542250974760
1542250974776
1542250974795
1542250974815
1542250974837
1542250974851
1542250974867
1542250974887
1542250974908
1542250974928
1542250974945
1542250974960
1542250974979
1542250975000
1542250975037
1542250975053
1542250975067
1542250975086
1542250975104
1542250975125
1542250975140
1542250975159
1542250975186
1542250975205
1542250975224
1542250975240
1542250975257
1542250975277
1542250975298
1542250975318
1542250975334
1542250975350
1542250975369
1542250975391
1542250975410
1542250975426
1542250975442
1542250975460
1542250975480
1542250975500
1542250975515
1542250975530
1542250975548
1542250975567
1542250975592
1542250975607
1542250975625
1542250975648
1542250975670
1542250975689
1542250975709
1542250975726
1542250975748
1542250975769
1542250975791
1542250975808
1542250975826
1542250975847
1542250975868
1542250975888
1542250975908
1542250975929
1542250975949
1542250975971
1542250975992
1542250976008
1542250976025
1542250976045
1542250976066
1542250976087
1542250976103
1542250976118
1542250976138
1542250976160
1542250976181
1542250976197
1542250976214
1542250976235
1542250976257
1542250976282
1542250976298
1542250976311
1542250976331
1542250976348
1542250976365
1542250976379
1542250976395
1542250976413
1542250976431
1542250976447
1542250976464
1542250976480
1542250976500
1542250976521
1542250976542
1542250976779
1542250976794
1542250976813
1542250976831
1542250976854
1542250976867
1542250976881
1542250976900
1542250976918
1542250976940
1542250976961
1542250976978
1542250976996
1542250977016
1542250977035
1542250977051
1542250977067
1542250977086
1542250977108
1542250977127
1542250977141
1542250977158
1542250977178
1542250977197
1542250977214
1542250977229
1542250977244
1542250977262
1542250977283
1542250977304
1542250977319
1542250977336
1542250977355
1542250977376
1542250977395
1542250977411
1542250977426
1542250977445
1542250977465
1542250977482
1542250977496
1542250977509
1542250977527
1542250977553
1542250977571
1542250977587
1542250977604
1542250977623
1542250977643
1542250977662
1542250977676
1542250977691
1542250977714
1542250977734
1542250977756
1542250977774
1542250977792
1542250977813
1542250977836
1542250977859
1542250977876
1542250977896
1542250977921
1542250977944
1542250977968
1542250977985
1542250978001
1542250978022
1542250978043
1542250978066
1542250978082
1542250978098
1542250978120
1542250978141
1542250978163
1542250978179
1542250978196
1542250978214
1542250978233
1542250978252
1542250978267
1542250978284
1542250978301
1542250978320
1542250978343
1542250978359
1542250978374
1542250978391
1542250978408
1542250978427
1542250978441
1542250978458
1542250978476
1542250978499
1542250978518
1542250978534
1542250978549
1542250978569
1542250978588
1542250978607
1542250978622
1542250978637
1542250978657
1542250978676
1542250978695
1542250978713
1542250978728
1542250978750
1542250978771
1542250978793
1542250978808
1542250978826
1542250978845
1542250978867
1542250978888
1542250978906
1542250978922
1542250978949
1542250978969
1542250978988
1542250979002
1542250979017
1542250979037
1542250979073
1542250979102
1542250979119
1542250979135
1542250979152
1542250979183
1542250979200
1542250979215
1542250979227
1542250979250
1542250979487
1542250979504
1542250979521
1542250979539
1542250979560
1542250979579
1542250979599
1542250979613
1542250979627
1542250979643
1542250979661
1542250979679
1542250979691
1542250979704
1542250979721
1542250979739
1542250979759
1542250979773
1542250979790
1542250979811
1542250979831
1542250979849
1542250979862
1542250979877
1542250979895
1542250979915
1542250979937
1542250979959
1542250979974
1542250979993
1542250980014
1542250980035
1542250980051
1542250980066
1542250980085
1542250980105
1542250980123
1542250980139
1542250980155
1542250980174
1542250980199
1542250980221
1542250980237
1542250980254
1542250980276
1542250980295
1542250980318
1542250980334
1542250980350
1542250980370
1542250980389
1542250980410
1542250980428
1542250980445
1542250980467
1542250980489
1542250980512
1542250980529
1542250980547
1542250980568
1542250980592
1542250980617
1542250980637
1542250980654
1542250980675
1542250980699
1542250980720
1542250980740
1542250980758
1542250980780
1542250980801
1542250980822
1542250980836
1542250980852
1542250980873
1542250980892
1542250980910
1542250980925
1542250980939
1542250980966
1542250980984
1542250981004
1542250981020
1542250981035
1542250981054
1542250981074
1542250981093
1542250981109
1542250981122
1542250981142
1542250981160
1542250981181
1542250981194
1542250981207
1542250981230
1542250981255
1542250981277
1542250981294
1542250981314
1542250981333
1542250981354
1542250981381
1542250981406
1542250981427
1542250981455
1542250981478
1542250981505
1542250981528
1542250981545
1542250981565
1542250981587
1542250981608
1542250981626
1542250981644
1542250981666
1542250981686
1542250981710
1542250981726
1542250981743
1542250981764
1542250981785
1542250981806
1542250981823
1542250981841
1542250981862
1542250981882
1542250981901
1542250981919
1542250981936
1542250981956
1542250981979
1542250982001
1542250982018
1542250982035
1542250982055
1542250982073
1542250982090
1542250982107
1542250982124
1542250982151
1542250982172
1542250982195
1542250982211
1542250982226
1542250982248
1542250982268
1542250982288
1542250982303
1542250982317
1542250982338
1542250982358
1542250982378
1542250982392
1542250982406
1542250982423
1542250982445
1542250982467
1542250982484
1542250982502
1542250982527
1542250982551
1542250982572
1542250982590
1542250982607
1542250982627
1542250982648
1542250982672
1542250982690
1542250982707
1542250982727
1542250982748
1542250982768
1542250982783
1542250982796
1542250982816
1542250982836
1542250982855
1542250982868
1542250982886
1542250982904
1542250982926
1542250982945
1542250982965
1542250982987
1542250983011
1542250983038
1542250983060
1542250983077
1542250983090
1542250983109
1542250983128
1542250983146
1542250983162
1542250983177
1542250983201
1542250983220
1542250983239
1542250983252
1542250983266
1542250983289
1542250983310
1542250983329
1542250983346
1542250983364
1542250983389
1542250983413
1542250983435
1542250983452
1542250983473
1542250983491
1542250983513
1542250983536
1542250983553
1542250983572
1542250983592
1542250983614
1542250983636
1542250983653
1542250983671
1542250983692
1542250983714
1542250983737
1542250983757
1542250983774
1542250983798
1542250983819
1542250983841
1542250983857
1542250983872
1542250983891
1542250983910
1542250983930
1542250983949
1542250983971
1542250983995
1542250984035
1542250984064
1542250984088
1542250984104
1542250984123
1542250984143
1542250984162
1542250984178
1542250984195
1542250984214
1542250984232
1542250984252
1542250984266
1542250984281
1542250984296
1542250984315
1542250984332
1542250984347
1542250984361
1542250984381
1542250984408
1542250984426
1542250984441
1542250984454
1542250984472
1542250984489
1542250984511
1542250984529
1542250984544
1542250984565
1542250984589
1542250984610
1542250984629
1542250984645
1542250984670
1542250984697
1542250984718
1542250984736
1542250984753
1542250984773
1542250984792
1542250985028
1542250985045
1542250985062
1542250985081
1542250985100
1542250985119
1542250985136
1542250985154
1542250985175
1542250985198
1542250985217
1542250985236
1542250985252
1542250985272
1542250985291
1542250985310
1542250985327
1542250985343
1542250985365
1542250985385
1542250985406
1542250985424
1542250985441
1542250985463
1542250985481
1542250985500
1542250985514
1542250985527
1542250985549
1542250985570
1542250985591
1542250985610
1542250985627
1542250985648
1542250985670
1542250985691
1542250985711
1542250985729
1542250985750
1542250985767
1542250985787
1542250985803
1542250985817
1542250985836
1542250985854
1542250985877
1542250985891
1542250985905
1542250985926
1542250985943
1542250985962
1542250985975
1542250985992
1542250986010
1542250986031
1542250986046
1542250986062
1542250986078
1542250986097
1542250986115
1542250986135
1542250986148
1542250986164
1542250986181
1542250986201
1542250986219
1542250986232
1542250986246
1542250986265
1542250986283
1542250986304
1542250986320
1542250986335
1542250986357
1542250986376
1542250986399
1542250986416
1542250986433
1542250986453
1542250986472
1542250986493
1542250986511
1542250986528
1542250986554
1542250986576
1542250986597
1542250986613
1542250986630
1542250986652
1542250986673
1542250986693
1542250986710
1542250986727
1542250986749
1542250986770
1542250986794
1542250986811
1542250986829
1542250986852
1542250986872
1542250986893
1542250986909
1542250986926
1542250986946
1542250986968
1542250986987
1542250987002
1542250987017
1542250987038
1542250987059
1542250987079
1542250987098
1542250987115
1542250987133
1542250987153
1542250987175
1542250987192
1542250987206
1542250987227
1542250987251
1542250987274
1542250987295
1542250987317
1542250987340
1542250987369
1542250987391
1542250987407
1542250987422
1542250987442
1542250987461
1542250987481
1542250987496
1542250987513
1542250987537
1542250987557
1542250987576
1542250987592
1542250987610
1542250987629
1542250987650
1542250987672
1542250987690
1542250987707
1542250987731
1542250987758
1542250987786
1542250987806
1542250987826
1542250987852
1542250987877
1542250987903
1542250987924
1542250987943
1542250987964
1542250987986
1542250988008
1542250988025
1542250988042
1542250988064
1542250988086
1542250988107
1542250988125
1542250988142
1542250988163
1542250988185
1542250988206
1542250988222
1542250988240
1542250988261
1542250988282
1542250988304
1542250988324
1542250988342
1542250988362
1542250988384
1542250988406
1542250988425
1542250988442
1542250988464
1542250988486
1542250988506
1542250988524
1542250988542
1542250988564
