1541360804203
1541360804232
1541360804260
1541360804280
1541360804310
1541360804337
1541360804366
1541360804394
1541360804414
1541360804444
1541360804471
1541360804500
1541360804520
1541360804541
1541360804569
1541360804594
1541360804620
1541360804650
1541360804683
1541360804717
1541360804746
1541360804773
1541360804797
1541360804819
1541360804847
1541360804871
1541360804897
1541360804916
1541360804938
1541360804960
1541360804986
1541360805019
1541360805041
1541360805061
1541360805089
1541360805117
1541360805143
1541360805163
1541360805184
1541360805208
1541360805237
1541360805265
1541360805286
1541360805307
1541360805336
1541360805367
1541360805400
1541360805421
1541360805443
1541360805473
1541360805502
1541360805532
1541360805554
1541360805575
1541360805601
1541360805636
1541360805665
1541360805688
1541360805714
1541360805750
1541360805779
1541360805801
1541360805822
1541360805845
1541360805870
1541360805893
1541360805917
1541360805939
1541360805960
1541360805987
1541360806018
1541360806043
1541360806069
1541360806090
1541360806118
1541360806151
1541360806179
1541360806199
1541360806221
1541360806242
1541360806265
1541360806288
1541360806310
1541360806331
1541360806354
1541360806379
1541360806401
1541360806421
1541360806444
1541360806467
1541360806489
1541360806512
1541360806531
1541360806557
1541360806583
1541360806610
1541360806634
1541360806654
1541360806674
1541360806698
1541360806741
1541360806779
1541360806801
1541360806844
1541360806870
1541360806899
1541360806930
1541360806950
1541360806968
1541360806992
1541360807014
1541360807038
1541360807058
1541360807082
1541360807106
1541360807131
1541360807153
1541360807177
1541360807196
1541360807222
1541360807248
1541360807277
1541360807300
1541360807318
1541360807337
1541360807364
1541360807383
1541360807405
1541360807427
1541360807452
1541360807475
1541360807502
1541360807522
1541360807544
1541360807572
1541360807599
1541360807631
1541360807650
1541360807668
1541360807691
1541360807718
1541360807741
1541360807764
1541360807784
1541360807815
1541360807839
1541360807863
1541360807881
1541360807902
1541360807929
1541360807956
1541360807980
1541360808001
1541360808026
1541360808052
1541360808079
1541360808110
1541360808135
1541360808158
1541360808190
1541360808213
1541360808240
1541360808265
1541360808288
1541360808311
1541360808334
1541360808356
1541360808377
1541360808399
1541360808423
1541360808448
1541360808476
1541360808497
1541360808517
1541360808543
1541360808570
1541360808595
1541360808614
1541360808633
1541360808663
1541360808687
1541360808715
1541360808738
1541360808760
1541360808785
1541360808806
1541360808829
1541360808851
1541360808870
1541360808890
1541360808918
1541360808949
1541360808973
1541360808992
1541360809012
1541360809035
1541360809061
1541360809087
1541360809107
1541360809156
1541360809185
1541360809216
1541360809235
1541360809256
1541360809281
1541360809304
1541360809333
1541360809354
1541360809375
1541360809400
1541360809423
1541360809450
1541360809468
1541360809492
1541360809517
1541360809549
1541360809575
1541360809595
1541360809621
1541360809648
1541360809678
1541360809702
1541360809722
1541360809742
1541360809765
1541360809790
1541360809819
1541360809837
1541360809859
1541360809881
1541360809904
1541360809932
1541360809957
1541360809976
1541360810006
1541360810029
1541360810059
1541360810083
1541360810104
1541360810129
1541360810159
1541360810191
1541360810216
1541360810234
1541360810258
1541360810286
1541360810307
1541360810326
1541360810352
1541360810378
1541360810401
1541360810429
1541360810454
1541360810475
1541360810496
1541360810522
1541360810553
1541360810575
1541360810596
1541360810619
1541360810640
1541360810669
1541360810689
1541360810711
1541360810732
1541360810757
1541360810785
1541360810805
1541360810826
1541360810851
1541360810880
1541360810907
1541360810931
1541360810953
1541360810977
1541360811001
1541360811028
1541360811051
1541360811074
1541360811097
1541360811119
1541360811143
1541360811168
1541360811196
1541360811227
1541360811261
1541360811293
1541360811317
1541360811338
1541360811379
1541360811406
1541360811434
1541360811454
1541360811476
1541360811503
1541360811526
1541360811547
1541360811569
1541360811595
1541360811627
1541360811655
1541360811678
1541360811700
1541360811719
1541360811747
1541360811777
1541360811807
1541360811837
1541360811863
1541360811886
1541360811917
1541360811946
1541360811973
1541360811994
1541360812022
1541360812052
1541360812077
1541360812098
1541360812120
1541360812154
1541360812184
1541360812214
1541360812239
1541360812264
1541360812293
1541360812319
1541360812343
1541360812364
1541360812384
1541360812410
1541360812442
1541360812466
1541360812491
1541360812515
1541360812544
1541360812572
1541360812602
1541360812630
1541360812652
1541360812679
1541360812709
1541360812734
1541360812754
1541360812775
1541360812798
1541360812822
1541360812853
1541360812879
1541360812904
1541360812933
1541360812958
1541360812983
1541360813006
1541360813031
1541360813059
1541360813086
1541360813115
1541360813138
1541360813157
1541360813184
1541360813218
1541360813246
1541360813271
1541360813292
1541360813320
1541360813347
1541360813375
1541360813401
1541360813427
1541360813458
1541360813486
1541360813512
1541360813537
1541360813557
1541360813588
1541360813613
1541360813644
1541360813663
1541360813690
1541360813719
1541360813746
1541360813770
1541360813791
1541360813812
1541360813839
1541360813862
1541360813889
1541360813910
1541360813929
1541360813955
1541360813980
1541360814003
1541360814024
1541360814043
1541360814073
1541360814096
1541360814124
1541360814144
1541360814170
1541360814228
1541360814257
1541360814284
1541360814307
1541360814327
1541360814357
1541360814378
1541360814406
1541360814427
1541360814449
1541360814477
1541360814501
1541360814527
1541360814545
1541360814570
1541360814599
1541360814624
1541360814655
1541360814675
1541360814695
1541360814727
1541360814755
1541360814777
1541360814799
1541360814819
1541360814841
1541360814863
1541360814895
1541360814918
1541360814943
1541360814973
1541360815001
1541360815029
1541360815053
1541360815073
1541360815100
1541360815128
1541360815156
1541360815181
1541360815203
1541360815228
1541360815252
1541360815275
1541360815301
1541360815321
1541360815347
1541360815373
1541360815405
1541360815425
1541360815445
1541360815473
1541360815502
1541360815530
1541360815556
1541360815576
1541360815603
1541360815625
1541360815649
1541360815669
1541360815689
1541360815718
1541360815745
1541360815774
1541360815794
1541360815814
1541360815840
1541360815869
1541360815890
1541360815910
1541360815929
1541360815958
1541360815979
1541360816003
1541360816029
1541360816049
1541360816074
1541360816100
1541360816124
1541360816148
1541360816167
1541360816191
1541360816221
1541360816252
1541360816273
1541360816293
1541360816316
1541360816344
1541360816373
1541360816396
1541360816422
1541360816450
1541360816479
1541360816503
1541360816524
1541360816545
1541360816568
1541360816593
1541360816615
1541360816636
1541360816657
1541360816679
1541360816703
1541360816731
1541360816750
1541360816768
1541360816791
1541360816816
1541360816844
1541360816863
1541360816885
1541360816907
1541360816934
1541360816959
1541360816980
1541360816998
1541360817021
1541360817049
1541360817070
1541360817089
1541360817117
1541360817146
1541360817173
1541360817199
1541360817221
1541360817242
1541360817274
1541360817299
1541360817322
1541360817342
1541360817364
1541360817392
1541360817413
1541360817438
1541360817460
1541360817479
1541360817504
1541360817524
1541360817547
1541360817570
1541360817593
1541360817621
1541360817641
1541360817665
1541360817685
1541360817707
1541360817734
1541360817762
1541360817789
1541360817810
1541360817830
1541360817871
1541360817903
1541360817933
1541360817961
1541360817985
1541360818007
1541360818030
1541360818056
1541360818077
1541360818096
1541360818126
1541360818150
1541360818174
1541360818196
1541360818219
1541360818242
1541360818264
1541360818291
1541360818311
1541360818331
1541360818353
1541360818379
1541360818405
1541360818428
1541360818448
1541360818470
1541360818495
1541360818519
1541360818539
1541360818560
1541360818586
1541360818614
1541360818642
1541360818664
1541360818686
1541360818713
1541360818734
1541360818760
1541360818784
1541360818802
1541360818829
1541360818856
1541360818882
1541360818900
1541360818918
1541360818950
1541360818977
1541360819005
1541360819029
1541360819078
1541360819106
1541360819129
1541360819154
1541360819173
1541360819195
1541360819219
1541360819247
1541360819273
1541360819292
1541360819319
1541360819348
1541360819371
1541360819397
1541360819425
1541360819450
1541360819480
1541360819504
1541360819527
1541360819554
1541360819574
1541360819601
1541360819632
1541360819662
1541360819687
1541360819711
1541360819739
1541360819771
1541360819798
1541360819824
1541360819846
1541360819873
1541360819902
1541360819929
1541360819956
1541360819977
1541360819998
1541360820020
1541360820047
1541360820067
1541360820092
1541360820117
1541360820142
1541360820163
1541360820184
1541360820203
1541360820230
1541360820258
1541360820279
1541360820300
1541360820324
1541360820348
1541360820372
1541360820400
1541360820420
1541360820440
1541360820467
1541360820487
1541360820509
1541360820532
1541360820557
1541360820579
1541360820606
1541360820633
1541360820655
1541360820677
1541360820704
1541360820726
1541360820752
1541360820771
1541360820798
1541360820823
1541360820843
1541360820865
1541360820890
1541360820911
1541360820938
1541360820965
1541360820984
1541360821010
1541360821035
1541360821066
1541360821087
1541360821108
1541360821134
1541360821155
1541360821189
1541360821209
1541360821234
1541360821259
1541360821280
1541360821306
1541360821332
1541360821360
1541360821385
1541360821407
1541360821436
1541360821464
1541360821492
1541360821513
1541360821536
1541360821565
1541360821594
1541360821624
1541360821650
1541360821670
1541360821697
1541360821720
1541360821748
1541360821770
1541360821790
1541360821811
1541360821838
1541360821866
1541360821888
1541360821914
1541360821938
1541360821965
1541360821994
1541360822017
1541360822041
1541360822065
1541360822093
1541360822121
1541360822142
1541360822162
1541360822189
1541360822238
1541360822264
1541360822288
1541360822311
1541360822332
1541360822359
1541360822385
1541360822405
1541360822426
1541360822453
1541360822483
1541360822511
1541360822530
1541360822551
1541360822579
1541360822606
1541360822628
1541360822652
1541360822672
1541360822696
1541360822723
1541360822756
1541360822783
1541360822805
1541360822832
1541360822857
1541360822886
1541360822910
1541360822929
1541360822952
1541360822978
1541360823011
1541360823032
1541360823051
1541360823081
1541360823113
1541360823140
1541360823165
1541360823186
1541360823215
1541360823245
1541360823272
1541360823292
1541360823320
1541360823347
1541360823375
1541360823403
1541360823423
1541360823444
1541360823474
1541360823502
1541360823531
1541360823550
1541360823568
1541360823591
1541360823620
1541360823645
1541360823665
1541360823683
1541360823705
1541360823733
1541360823761
1541360823783
1541360823800
1541360823819
1541360823852
1541360823881
1541360823901
1541360823920
1541360823948
1541360823980
1541360824001
1541360824026
1541360824048
1541360824072
1541360824104
1541360824132
1541360824157
1541360824181
1541360824211
1541360824235
1541360824262
1541360824286
1541360824308
1541360824333
1541360824363
1541360824391
1541360824410
1541360824434
1541360824457
1541360824484
1541360824510
1541360824529
1541360824548
1541360824570
1541360824596
1541360824645
1541360824663
1541360824680
1541360824702
1541360824725
1541360824751
1541360824772
1541360824791
1541360824816
1541360824836
1541360824861
1541360824884
1541360824903
1541360824924
1541360824948
1541360824972
1541360824993
1541360825014
1541360825038
1541360825065
1541360825090
1541360825115
1541360825133
1541360825151
1541360825178
1541360825213
1541360825230
1541360825252
1541360825276
1541360825299
1541360825322
1541360825342
1541360825362
1541360825389
1541360825410
1541360825430
1541360825450
1541360825472
1541360825502
1541360825526
1541360825553
1541360825576
1541360825600
1541360825623
1541360825650
1541360825678
1541360825698
1541360825717
1541360825745
1541360825773
1541360825800
1541360825823
1541360825843
1541360825871
1541360825899
1541360825923
1541360825944
1541360825967
1541360825994
1541360826020
1541360826043
1541360826064
1541360826085
1541360826109
1541360826137
1541360826164
1541360826189
1541360826212
1541360826239
1541360826267
1541360826294
1541360826314
1541360826338
1541360826359
1541360826387
1541360826414
1541360826435
1541360826457
1541360826480
1541360826509
1541360826536
1541360826562
1541360826583
1541360826610
1541360826639
1541360826664
1541360826688
1541360826708
1541360826742
1541360826767
1541360826790
1541360826810
1541360826835
1541360826854
1541360826879
1541360826906
1541360826930
1541360826949
1541360826977
1541360827006
1541360827032
1541360827056
1541360827076
1541360827097
1541360827118
1541360827143
1541360827168
1541360827189
1541360827210
1541360827237
1541360827258
1541360827280
1541360827298
1541360827324
1541360827349
1541360827370
1541360827392
1541360827412
1541360827438
1541360827459
1541360827479
1541360827500
1541360827520
1541360827547
1541360827568
1541360827590
1541360827610
1541360827630
1541360827652
1541360827674
1541360827698
1541360827721
1541360827744
1541360827768
1541360827798
1541360827826
1541360827850
1541360827870
1541360827891
1541360827912
1541360827937
1541360827956
1541360827976
1541360827997
1541360828023
1541360828051
1541360828070
1541360828092
1541360828113
1541360828136
1541360828163
1541360828182
1541360828202
1541360828225
1541360828248
1541360828277
1541360828298
1541360828317
1541360828339
1541360828367
1541360828393
1541360828413
1541360828433
1541360828456
1541360828479
1541360828501
1541360828522
1541360828543
1541360828567
1541360828594
1541360828622
1541360828649
1541360828667
1541360828697
1541360828720
1541360828772
1541360828794
1541360828816
1541360828845
1541360828877
1541360828910
1541360828933
1541360828957
1541360828981
1541360829003
1541360829023
1541360829044
1541360829064
1541360829116
1541360829143
1541360829166
1541360829191
1541360829212
1541360829242
1541360829273
1541360829299
1541360829323
1541360829347
1541360829375
1541360829399
1541360829426
1541360829449
1541360829472
1541360829498
1541360829549
1541360829577
1541360829601
1541360829623
1541360829649
1541360829683
1541360829708
1541360829734
1541360829756
1541360829784
1541360829823
1541360829860
1541360829886
1541360829915
1541360829943
1541360829974
1541360829999
1541360830017
1541360830044
1541360830067
1541360830099
1541360830129
1541360830155
1541360830180
1541360830205
1541360830229
1541360830255
1541360830276
1541360830303
1541360830335
1541360830359
1541360830389
1541360830411
1541360830437
1541360830460
1541360830488
1541360830517
1541360830545
1541360830574
1541360830601
1541360830626
1541360830648
1541360830670
1541360830689
1541360830716
1541360830743
1541360830766
1541360830784
1541360830807
1541360830828
1541360830850
1541360830877
1541360830903
1541360830923
1541360830948
1541360830973
1541360830996
1541360831021
1541360831044
1541360831066
1541360831094
1541360831122
1541360831146
1541360831169
1541360831196
1541360831224
1541360831246
1541360831266
1541360831288
1541360831317
1541360831343
1541360831390
1541360831417
1541360831439
1541360831467
1541360831490
1541360831512
1541360831532
1541360831552
1541360831578
1541360831612
1541360831644
1541360831671
1541360831693
1541360831720
1541360831749
1541360831776
1541360831801
1541360831823
1541360831848
1541360831872
1541360831901
1541360831927
1541360831947
1541360831976
1541360832003
1541360832036
1541360832057
1541360832081
1541360832102
1541360832134
1541360832163
1541360832186
1541360832213
1541360832239
1541360832264
1541360832291
1541360832318
1541360832338
1541360832367
1541360832394
1541360832423
1541360832446
1541360832473
1541360832496
1541360832526
1541360832554
1541360832582
1541360832606
1541360832634
1541360832661
1541360832690
1541360832711
1541360832733
1541360832760
1541360832784
1541360832806
1541360832827
1541360832850
1541360832874
1541360832901
1541360832924
1541360832951
1541360832973
1541360833000
1541360833025
1541360833047
1541360833069
1541360833089
1541360833113
1541360833135
1541360833158
1541360833179
1541360833203
1541360833233
1541360833261
1541360833290
1541360833312
1541360833337
1541360833363
1541360833384
1541360833408
1541360833429
1541360833454
1541360833481
1541360833509
1541360833538
1541360833566
1541360833589
1541360833620
1541360833643
1541360833677
1541360833703
1541360833725
1541360833754
1541360833790
1541360833819
1541360833841
1541360833865
1541360833889
1541360833956
1541360833984
1541360834008
1541360834031
1541360834058
1541360834085
1541360834112
1541360834158
1541360834177
1541360834198
1541360834219
1541360834242
1541360834262
1541360834283
1541360834307
1541360834329
1541360834351
1541360834370
1541360834393
1541360834415
1541360834436
1541360834463
1541360834486
1541360834506
1541360834531
1541360834554
1541360834577
1541360834600
1541360834641
1541360834664
1541360834686
1541360834713
1541360834732
1541360834751
1541360834772
1541360834796
1541360834817
1541360834839
1541360834858
1541360834885
1541360834912
1541360834939
1541360834962
1541360834982
1541360835003
1541360835024
1541360835046
1541360835065
1541360835085
1541360835110
1541360835137
1541360835159
1541360835179
1541360835199
1541360835220
1541360835243
1541360835273
1541360835298
1541360835319
1541360835342
1541360835370
1541360835399
1541360835422
1541360835443
1541360835474
1541360835502
1541360835530
1541360835553
1541360835573
1541360835602
1541360835627
1541360835647
1541360835665
1541360835685
1541360835707
1541360835730
1541360835754
1541360835772
1541360835793
1541360835814
1541360835837
1541360835865
1541360835883
1541360835904
1541360835924
1541360835950
1541360835977
1541360835995
1541360836014
1541360836036
1541360836062
1541360836086
1541360836108
1541360836132
1541360836155
1541360836176
1541360836205
1541360836224
1541360836250
1541360836273
1541360836295
1541360836321
1541360836349
1541360836370
1541360836423
1541360836450
1541360836480
1541360836502
1541360836527
1541360836576
1541360836602
1541360836629
1541360836655
1541360836674
1541360836702
1541360836730
1541360836758
1541360836782
1541360836802
1541360836827
1541360836853
1541360836882
1541360836906
1541360836929
1541360836953
1541360836981
1541360837007
1541360837030
1541360837057
1541360837081
1541360837108
1541360837135
1541360837156
1541360837178
1541360837200
1541360837227
1541360837252
1541360837278
1541360837298
1541360837321
1541360837345
1541360837365
1541360837386
1541360837411
1541360837439
1541360837465
1541360837490
1541360837512
1541360837537
1541360837559
1541360837587
1541360837615
1541360837636
1541360837656
1541360837681
1541360837710
1541360837732
1541360837756
1541360837780
1541360837803
1541360837824
1541360837846
1541360837866
1541360837891
1541360837918
1541360837945
1541360837974
1541360837995
1541360838018
1541360838041
1541360838063
1541360838083
1541360838104
1541360838123
1541360838149
1541360838175
1541360838197
1541360838220
1541360838241
1541360838263
1541360838286
1541360838311
1541360838331
1541360838350
1541360838372
1541360838398
1541360838427
1541360838465
1541360838495
1541360838523
1541360838549
1541360838577
1541360838597
1541360838622
1541360838647
1541360838674
1541360838700
1541360838721
1541360838740
1541360838767
1541360838790
1541360838816
1541360838867
1541360838891
1541360838919
1541360838945
1541360838966
1541360838988
1541360839008
1541360839036
1541360839063
1541360839092
1541360839119
1541360839139
1541360839170
1541360839199
1541360839224
1541360839252
1541360839272
1541360839300
1541360839323
1541360839351
1541360839370
1541360839392
1541360839415
1541360839440
1541360839466
1541360839495
1541360839514
1541360839549
1541360839576
1541360839602
1541360839629
1541360839655
1541360839680
1541360839709
1541360839734
1541360839761
1541360839782
1541360839804
1541360839831
1541360839854
1541360839882
1541360839902
1541360839931
1541360839954
1541360839980
1541360840001
1541360840023
1541360840052
1541360840083
1541360840110
1541360840133
1541360840153
1541360840182
1541360840214
1541360840242
1541360840265
1541360840286
1541360840308
1541360840333
1541360840360
1541360840381
1541360840402
1541360840423
1541360840452
1541360840479
1541360840506
1541360840533
1541360840559
1541360840589
1541360840621
1541360840641
1541360840661
1541360840690
1541360840711
1541360840737
1541360840759
1541360840779
1541360840802
1541360840830
1541360840859
1541360840881
1541360840904
1541360840930
1541360840955
1541360840978
1541360840998
1541360841019
1541360841047
1541360841076
1541360841107
1541360841133
1541360841160
1541360841192
1541360841220
1541360841246
1541360841270
1541360841296
1541360841325
1541360841354
1541360841387
1541360841409
1541360841430
1541360841478
1541360804203
1541360804232
1541360804260
1541360804281
1541360804310
1541360804337
1541360804365
1541360804387
1541360804407
1541360804439
1541360804465
1541360804487
1541360804509
1541360804531
1541360804556
1541360804583
1541360804613
1541360804637
1541360804679
1541360804706
1541360804734
1541360804759
1541360804781
1541360804806
1541360804833
1541360804857
1541360804884
1541360804907
1541360804927
1541360804955
1541360804979
1541360805008
1541360805029
1541360805048
1541360805078
1541360805107
1541360805133
1541360805151
1541360805172
1541360805195
1541360805232
1541360805258
1541360805279
1541360805302
1541360805336
1541360805365
1541360805400
1541360805427
1541360805448
1541360805479
1541360805511
1541360805537
1541360805561
1541360805592
1541360805621
1541360805654
1541360805679
1541360805703
1541360805725
1541360805762
1541360805789
1541360805811
1541360805833
1541360805853
1541360805874
1541360805902
1541360805933
1541360805957
1541360805981
1541360806017
1541360806043
1541360806072
1541360806097
1541360806121
1541360806151
1541360806180
1541360806208
1541360806233
1541360806255
1541360806284
1541360806312
1541360806339
1541360806364
1541360806388
1541360806414
1541360806440
1541360806461
1541360806481
1541360806501
1541360806524
1541360806553
1541360806578
1541360806599
1541360806618
1541360806645
1541360806671
1541360806698
1541360806719
1541360806775
1541360806797
1541360806832
1541360806864
1541360806884
1541360806904
1541360806932
1541360806958
1541360806989
1541360807010
1541360807032
1541360807056
1541360807080
1541360807107
1541360807132
1541360807161
1541360807188
1541360807217
1541360807246
1541360807277
1541360807301
1541360807328
1541360807349
1541360807373
1541360807391
1541360807413
1541360807439
1541360807470
1541360807497
1541360807524
1541360807546
1541360807572
1541360807599
1541360807634
1541360807658
1541360807679
1541360807709
1541360807738
1541360807770
1541360807796
1541360807817
1541360807845
1541360807870
1541360807899
1541360807920
1541360807940
1541360807971
1541360808000
1541360808024
1541360808048
1541360808072
1541360808099
1541360808129
1541360808163
1541360808187
1541360808207
1541360808233
1541360808264
1541360808293
1541360808317
1541360808341
1541360808366
1541360808390
1541360808420
1541360808444
1541360808471
1541360808502
1541360808525
1541360808553
1541360808576
1541360808599
1541360808624
1541360808651
1541360808685
1541360808706
1541360808733
1541360808756
1541360808786
1541360808816
1541360808835
1541360808861
1541360808886
1541360808919
1541360808949
1541360808975
1541360809001
1541360809025
1541360809054
1541360809083
1541360809109
1541360809133
1541360809156
1541360809185
1541360809216
1541360809242
1541360809266
1541360809288
1541360809333
1541360809360
1541360809381
1541360809404
1541360809431
1541360809460
1541360809486
1541360809508
1541360809528
1541360809555
1541360809581
1541360809608
1541360809629
1541360809653
1541360809678
1541360809702
1541360809731
1541360809751
1541360809771
1541360809793
1541360809819
1541360809845
1541360809865
1541360809892
1541360809917
1541360809940
1541360809967
1541360809988
1541360810016
1541360810039
1541360810063
1541360810092
1541360810117
1541360810144
1541360810169
1541360810201
1541360810228
1541360810248
1541360810270
1541360810293
1541360810322
1541360810348
1541360810374
1541360810394
1541360810415
1541360810443
1541360810470
1541360810489
1541360810509
1541360810535
1541360810558
1541360810584
1541360810607
1541360810629
1541360810657
1541360810680
1541360810702
1541360810723
1541360810745
1541360810773
1541360810801
1541360810828
1541360810855
1541360810878
1541360810899
1541360810921
1541360810950
1541360810970
1541360810990
1541360811019
1541360811047
1541360811068
1541360811087
1541360811110
1541360811138
1541360811174
1541360811204
1541360811233
1541360811261
1541360811293
1541360811322
1541360811347
1541360811379
1541360811402
1541360811434
1541360811464
1541360811495
1541360811515
1541360811540
1541360811565
1541360811592
1541360811619
1541360811642
1541360811662
1541360811693
1541360811716
1541360811745
1541360811768
1541360811788
1541360811816
1541360811838
1541360811866
1541360811890
1541360811913
1541360811936
1541360811968
1541360812022
1541360812049
1541360812070
1541360812094
1541360812122
1541360812154
1541360812175
1541360812196
1541360812226
1541360812258
1541360812281
1541360812303
1541360812328
1541360812351
1541360812380
1541360812410
1541360812438
1541360812458
1541360812489
1541360812510
1541360812538
1541360812565
1541360812586
1541360812608
1541360812637
1541360812660
1541360812686
1541360812712
1541360812738
1541360812767
1541360812792
1541360812811
1541360812833
1541360812855
1541360812882
1541360812908
1541360812930
1541360812949
1541360812977
1541360813002
1541360813034
1541360813065
1541360813086
1541360813114
1541360813141
1541360813164
1541360813184
1541360813202
1541360813230
1541360813250
1541360813277
1541360813296
1541360813315
1541360813338
1541360813366
1541360813395
1541360813414
1541360813433
1541360813456
1541360813483
1541360813510
1541360813529
1541360813547
1541360813570
1541360813597
1541360813626
1541360813644
1541360813669
1541360813698
1541360813725
1541360813754
1541360813774
1541360813796
1541360813820
1541360813845
1541360813871
1541360813895
1541360813922
1541360813951
1541360813974
1541360813998
1541360814018
1541360814038
1541360814065
1541360814090
1541360814117
1541360814137
1541360814157
1541360814179
1541360814205
1541360814234
1541360814257
1541360814280
1541360814312
1541360814340
1541360814363
1541360814390
1541360814418
1541360814446
1541360814473
1541360814498
1541360814518
1541360814544
1541360814573
1541360814624
1541360814651
1541360814669
1541360814689
1541360814715
1541360814741
1541360814767
1541360814791
1541360814811
1541360814835
1541360814861
1541360814895
1541360814918
1541360814943
1541360814973
1541360815001
1541360815029
1541360815056
1541360815079
1541360815103
1541360815128
1541360815156
1541360815176
1541360815195
1541360815223
1541360815248
1541360815275
1541360815295
1541360815315
1541360815341
1541360815373
1541360815405
1541360815431
1541360815451
1541360815473
1541360815502
1541360815530
1541360815550
1541360815569
1541360815592
1541360815615
1541360815637
1541360815660
1541360815681
1541360815704
1541360815731
1541360815759
1541360815780
1541360815800
1541360815829
1541360815855
1541360815881
1541360815901
1541360815920
1541360815942
1541360815974
1541360816003
1541360816023
1541360816043
1541360816069
1541360816097
1541360816119
1541360816141
1541360816161
1541360816191
1541360816221
1541360816252
1541360816279
1541360816299
1541360816321
1541360816344
1541360816373
1541360816396
1541360816415
1541360816437
1541360816462
1541360816487
1541360816509
1541360816529
1541360816555
1541360816581
1541360816603
1541360816623
1541360816640
1541360816664
1541360816709
1541360816737
1541360816762
1541360816784
1541360816816
1541360816844
1541360816871
1541360816890
1541360816911
1541360816933
1541360816953
1541360816985
1541360817007
1541360817024
1541360817054
1541360817075
1541360817102
1541360817120
1541360817143
1541360817165
1541360817193
1541360817215
1541360817236
1541360817256
1541360817286
1541360817310
1541360817333
1541360817352
1541360817370
1541360817397
1541360817417
1541360817445
1541360817464
1541360817485
1541360817509
1541360817538
1541360817559
1541360817577
1541360817598
1541360817623
1541360817646
1541360817672
1541360817692
1541360817712
1541360817743
1541360817768
1541360817793
1541360817814
1541360817837
1541360817871
1541360817902
1541360817933
1541360817955
1541360817981
1541360818007
1541360818035
1541360818064
1541360818089
1541360818116
1541360818145
1541360818175
1541360818202
1541360818224
1541360818248
1541360818272
1541360818300
1541360818328
1541360818353
1541360818372
1541360818400
1541360818433
1541360818456
1541360818479
1541360818504
1541360818534
1541360818566
1541360818597
1541360818618
1541360818639
1541360818668
1541360818694
1541360818721
1541360818745
1541360818766
1541360818792
1541360818817
1541360818841
1541360818863
1541360818888
1541360818917
1541360818948
1541360818979
1541360819005
1541360819031
1541360819060
1541360819086
1541360819112
1541360819132
1541360819158
1541360819181
1541360819207
1541360819229
1541360819252
1541360819277
1541360819299
1541360819327
1541360819354
1541360819380
1541360819403
1541360819431
1541360819461
1541360819486
1541360819506
1541360819530
1541360819560
1541360819584
1541360819607
1541360819631
1541360819687
1541360819721
1541360819744
1541360819771
1541360819795
1541360819818
1541360819840
1541360819873
1541360819902
1541360819922
1541360819943
1541360819972
1541360820002
1541360820027
1541360820053
1541360820073
1541360820101
1541360820122
1541360820146
1541360820168
1541360820190
1541360820218
1541360820246
1541360820267
1541360820290
1541360820312
1541360820344
1541360820373
1541360820402
1541360820426
1541360820453
1541360820481
1541360820510
1541360820540
1541360820566
1541360820586
1541360820615
1541360820639
1541360820666
1541360820686
1541360820711
1541360820733
1541360820757
1541360820780
1541360820805
1541360820828
1541360820856
1541360820885
1541360820914
1541360820938
1541360820958
1541360820980
1541360821005
1541360821032
1541360821052
1541360821076
1541360821101
1541360821130
1541360821151
1541360821174
1541360821199
1541360821227
1541360821256
1541360821284
1541360821311
1541360821338
1541360821366
1541360821396
1541360821424
1541360821445
1541360821468
1541360821492
1541360821519
1541360821544
1541360821567
1541360821611
1541360821638
1541360821666
1541360821689
1541360821710
1541360821730
1541360821753
1541360821777
1541360821805
1541360821832
1541360821856
1541360821880
1541360821912
1541360821938
1541360821959
1541360821979
1541360822009
1541360822036
1541360822065
1541360822085
1541360822108
1541360822130
1541360822154
1541360822184
1541360822205
1541360822224
1541360822253
1541360822274
1541360822299
1541360822321
1541360822344
1541360822371
1541360822403
1541360822424
1541360822447
1541360822467
1541360822489
1541360822519
1541360822551
1541360822576
1541360822595
1541360822620
1541360822646
1541360822666
1541360822684
1541360822702
1541360822728
1541360822755
1541360822776
1541360822799
1541360822825
1541360822850
1541360822871
1541360822897
1541360822917
1541360822934
1541360822955
1541360822976
1541360823004
1541360823022
1541360823041
1541360823065
1541360823090
1541360823117
1541360823143
1541360823167
1541360823194
1541360823219
1541360823245
1541360823267
1541360823289
1541360823315
1541360823348
1541360823378
1541360823400
1541360823424
1541360823455
1541360823481
1541360823509
1541360823538
1541360823560
1541360823581
1541360823604
1541360823636
1541360823658
1541360823679
1541360823706
1541360823733
1541360823764
1541360823790
1541360823814
1541360823842
1541360823866
1541360823894
1541360823922
1541360823947
1541360823969
1541360823999
1541360824030
1541360824052
1541360824075
1541360824104
1541360824136
1541360824159
1541360824182
1541360824207
1541360824229
1541360824257
1541360824283
1541360824303
1541360824324
1541360824347
1541360824375
1541360824404
1541360824430
1541360824449
1541360824470
1541360824497
1541360824523
1541360824541
1541360824564
1541360824594
1541360824622
1541360824652
1541360824677
1541360824702
1541360824726
1541360824753
1541360824781
1541360824803
1541360824824
1541360824846
1541360824871
1541360824901
1541360824924
1541360824946
1541360824968
1541360824990
1541360825018
1541360825042
1541360825065
1541360825093
1541360825120
1541360825145
1541360825166
1541360825186
1541360825213
1541360825239
1541360825260
1541360825281
1541360825309
1541360825332
1541360825360
1541360825384
1541360825403
1541360825423
1541360825448
1541360825475
1541360825502
1541360825523
1541360825544
1541360825570
1541360825596
1541360825622
1541360825641
1541360825659
1541360825682
1541360825704
1541360825732
1541360825750
1541360825771
1541360825798
1541360825823
1541360825851
1541360825876
1541360825896
1541360825917
1541360825939
1541360825963
1541360825986
1541360826007
1541360826028
1541360826053
1541360826080
1541360826099
1541360826119
1541360826140
1541360826167
1541360826196
1541360826222
1541360826242
1541360826270
1541360826294
1541360826319
1541360826339
1541360826363
1541360826391
1541360826422
1541360826446
1541360826465
1541360826482
1541360826509
1541360826541
1541360826565
1541360826590
1541360826615
1541360826640
1541360826664
1541360826697
1541360826739
1541360826757
1541360826775
1541360826801
1541360826824
1541360826844
1541360826864
1541360826885
1541360826906
1541360826933
1541360826954
1541360826981
1541360827004
1541360827030
1541360827049
1541360827068
1541360827090
1541360827116
1541360827136
1541360827163
1541360827183
1541360827201
1541360827224
1541360827246
1541360827265
1541360827285
1541360827309
1541360827337
1541360827364
1541360827386
1541360827406
1541360827425
1541360827450
1541360827474
1541360827502
1541360827526
1541360827553
1541360827582
1541360827613
1541360827638
1541360827658
1541360827678
1541360827703
1541360827728
1541360827751
1541360827772
1541360827795
1541360827826
1541360827851
1541360827880
1541360827901
1541360827920
1541360827942
1541360827965
1541360827988
1541360828008
1541360828031
1541360828058
1541360828088
1541360828114
1541360828141
1541360828168
1541360828198
1541360828227
1541360828254
1541360828281
1541360828301
1541360828327
1541360828353
1541360828381
1541360828407
1541360828427
1541360828451
1541360828472
1541360828497
1541360828515
1541360828537
1541360828560
1541360828586
1541360828611
1541360828632
1541360828653
1541360828683
1541360828709
1541360828733
1541360828757
1541360828782
1541360828804
1541360828830
1541360828860
1541360828880
1541360828903
1541360828929
1541360828957
1541360828982
1541360829008
1541360829035
1541360829058
1541360829086
1541360829116
1541360829138
1541360829158
1541360829186
1541360829214
1541360829242
1541360829267
1541360829287
1541360829312
1541360829337
1541360829362
1541360829390
1541360829411
1541360829438
1541360829466
1541360829498
1541360829528
1541360829549
1541360829577
1541360829604
1541360829632
1541360829654
1541360829679
1541360829713
1541360829744
1541360829775
1541360829803
1541360829831
1541360829860
1541360829891
1541360829920
1541360829947
1541360829974
1541360829999
1541360830027
1541360830053
1541360830074
1541360830099
1541360830128
1541360830155
1541360830179
1541360830202
1541360830225
1541360830247
1541360830271
1541360830302
1541360830326
1541360830352
1541360830375
1541360830398
1541360830426
1541360830447
1541360830467
1541360830499
1541360830522
1541360830546
1541360830574
1541360830601
1541360830626
1541360830651
1541360830678
1541360830703
1541360830730
1541360830757
1541360830780
1541360830808
1541360830834
1541360830856
1541360830885
1541360830916
1541360830944
1541360830967
1541360830990
1541360831019
1541360831047
1541360831072
1541360831099
1541360831122
1541360831152
1541360831176
1541360831203
1541360831228
1541360831250
1541360831271
1541360831292
1541360831314
1541360831339
1541360831361
1541360831389
1541360831420
1541360831445
1541360831469
1541360831493
1541360831516
1541360831538
1541360831565
1541360831583
1541360831605
1541360831630
1541360831654
1541360831682
1541360831703
1541360831723
1541360831753
1541360831775
1541360831803
1541360831827
1541360831851
1541360831876
1541360831900
1541360831930
1541360831952
1541360831975
1541360832001
1541360832025
1541360832050
1541360832074
1541360832095
1541360832118
1541360832139
1541360832163
1541360832185
1541360832207
1541360832232
1541360832256
1541360832284
1541360832310
1541360832330
1541360832361
1541360832385
1541360832408
1541360832427
1541360832450
1541360832473
1541360832501
1541360832525
1541360832546
1541360832566
1541360832590
1541360832610
1541360832634
1541360832654
1541360832676
1541360832701
1541360832725
1541360832753
1541360832774
1541360832794
1541360832818
1541360832845
1541360832873
1541360832892
1541360832916
1541360832943
1541360832964
1541360832985
1541360833011
1541360833034
1541360833060
1541360833081
1541360833103
1541360833124
1541360833144
1541360833168
1541360833199
1541360833232
1541360833252
1541360833272
1541360833301
1541360833323
1541360833349
1541360833371
1541360833390
1541360833414
1541360833435
1541360833459
1541360833481
1541360833505
1541360833525
1541360833553
1541360833582
1541360833602
1541360833623
1541360833650
1541360833674
1541360833703
1541360833724
1541360833745
1541360833773
1541360833796
1541360833824
1541360833847
1541360833871
1541360833894
1541360833918
1541360833940
1541360833960
1541360833981
1541360834005
1541360834032
1541360834058
1541360834084
1541360834104
1541360834133
1541360834160
1541360834185
1541360834205
1541360834225
1541360834247
1541360834273
1541360834301
1541360834323
1541360834342
1541360834366
1541360834398
1541360834422
1541360834447
1541360834470
1541360834498
1541360834527
1541360834555
1541360834577
1541360834611
1541360834632
1541360834659
1541360834686
1541360834713
1541360834737
1541360834759
1541360834786
1541360834808
1541360834828
1541360834847
1541360834873
1541360834899
1541360834928
1541360834950
1541360834970
1541360834998
1541360835019
1541360835047
1541360835072
1541360835098
1541360835125
1541360835147
1541360835169
1541360835188
1541360835209
1541360835237
1541360835267
1541360835293
1541360835315
1541360835342
1541360835368
1541360835390
1541360835415
1541360835433
1541360835455
1541360835481
1541360835506
1541360835530
1541360835554
1541360835580
1541360835608
1541360835633
1541360835660
1541360835680
1541360835707
1541360835730
1541360835754
1541360835781
1541360835802
1541360835821
1541360835842
1541360835872
1541360835899
1541360835918
1541360835938
1541360835963
1541360835990
1541360836018
1541360836043
1541360836068
1541360836093
1541360836122
1541360836145
1541360836168
1541360836188
1541360836218
1541360836246
1541360836268
1541360836288
1541360836309
1541360836335
1541360836355
1541360836377
1541360836403
1541360836428
1541360836450
1541360836480
1541360836512
1541360836536
1541360836557
1541360836579
1541360836602
1541360836628
1541360836648
1541360836668
1541360836689
1541360836711
1541360836733
1541360836756
1541360836776
1541360836797
1541360836826
1541360836853
1541360836879
1541360836901
1541360836923
1541360836949
1541360836974
1541360836999
1541360837024
1541360837052
1541360837080
1541360837108
1541360837129
1541360837156
1541360837180
1541360837207
1541360837233
1541360837258
1541360837282
1541360837305
1541360837333
1541360837354
1541360837374
1541360837399
1541360837426
1541360837453
1541360837479
1541360837498
1541360837517
1541360837546
1541360837579
1541360837606
1541360837626
1541360837648
1541360837677
1541360837708
1541360837732
1541360837756
1541360837776
1541360837804
1541360837831
1541360837860
1541360837885
1541360837907
1541360837927
1541360837953
1541360837980
1541360838001
1541360838024
1541360838047
1541360838069
1541360838096
1541360838117
1541360838141
1541360838164
1541360838188
1541360838210
1541360838231
1541360838249
1541360838274
1541360838297
1541360838322
1541360838343
1541360838365
1541360838387
1541360838416
1541360838465
1541360838500
1541360838528
1541360838554
1541360838583
1541360838606
1541360838628
1541360838653
1541360838680
1541360838708
1541360838734
1541360838756
1541360838780
1541360838801
1541360838825
1541360838849
1541360838873
1541360838900
1541360838924
1541360838949
1541360838972
1541360838994
1541360839014
1541360839041
1541360839074
1541360839100
1541360839125
1541360839152
1541360839180
1541360839204
1541360839232
1541360839257
1541360839278
1541360839304
1541360839330
1541360839358
1541360839379
1541360839399
1541360839419
1541360839445
1541360839472
1541360839503
1541360839527
1541360839551
1541360839573
1541360839602
1541360839627
1541360839648
1541360839678
1541360839706
1541360839734
1541360839753
1541360839776
1541360839795
1541360839825
1541360839854
1541360839876
1541360839896
1541360839917
1541360839941
1541360839965
1541360839986
1541360840011
1541360840035
1541360840054
1541360840082
1541360840102
1541360840125
1541360840147
1541360840172
1541360840193
1541360840215
1541360840240
1541360840266
1541360840292
1541360840318
1541360840341
1541360840364
1541360840386
1541360840413
1541360840434
1541360840455
1541360840474
1541360840498
1541360840519
1541360840545
1541360840566
1541360840589
1541360840621
1541360840653
1541360840685
1541360840706
1541360840731
1541360840761
1541360840788
1541360840815
1541360840839
1541360840867
1541360840896
1541360840927
1541360840951
1541360840972
1541360840993
1541360841022
1541360841047
1541360841078
1541360841106
1541360841126
1541360841157
1541360841192
1541360841221
1541360841246
1541360841268
1541360841294
1541360841325
1541360841353
1541360841373
1541360841393
1541360841416
1541360841443
1541360841471
1541360841500
1541360841527
1541360841554
1541360841582
1541360841605
1541360841628
1541360841652
1541360841673
1541360804190
1541360804216
1541360804241
1541360804264
1541360804296
1541360804319
1541360804344
1541360804368
1541360804394
1541360804420
1541360804453
1541360804480
1541360804503
1541360804525
1541360804550
1541360804577
1541360804606
1541360804632
1541360804679
1541360804708
1541360804740
1541360804765
1541360804788
1541360804812
1541360804840
1541360804863
1541360804891
1541360804910
1541360804932
1541360804956
1541360804981
1541360805014
1541360805035
1541360805055
1541360805083
1541360805113
1541360805138
1541360805157
1541360805179
1541360805205
1541360805231
1541360805259
1541360805279
1541360805303
1541360805336
1541360805365
1541360805400
1541360805421
1541360805443
1541360805473
1541360805494
1541360805524
1541360805549
1541360805569
1541360805600
1541360805633
1541360805659
1541360805685
1541360805708
1541360805737
1541360805770
1541360805794
1541360805818
1541360805839
1541360805870
1541360805902
1541360805933
1541360805957
1541360805981
1541360806010
1541360806039
1541360806072
1541360806097
1541360806121
1541360806151
1541360806179
1541360806208
1541360806227
1541360806250
1541360806279
1541360806308
1541360806334
1541360806357
1541360806381
1541360806409
1541360806433
1541360806456
1541360806475
1541360806495
1541360806518
1541360806548
1541360806573
1541360806593
1541360806614
1541360806639
1541360806663
1541360806691
1541360806711
1541360806749
1541360806775
1541360806797
1541360806832
1541360806851
1541360806870
1541360806900
1541360806932
1541360806958
1541360806980
1541360807000
1541360807028
1541360807050
1541360807073
1541360807093
1541360807114
1541360807140
1541360807168
1541360807191
1541360807215
1541360807237
1541360807259
1541360807284
1541360807309
1541360807336
1541360807357
1541360807380
1541360807403
1541360807425
1541360807446
1541360807468
1541360807491
1541360807520
1541360807543
1541360807564
1541360807586
1541360807609
1541360807639
1541360807665
1541360807687
1541360807712
1541360807738
1541360807770
1541360807796
1541360807827
1541360807849
1541360807876
1541360807910
1541360807937
1541360807962
1541360807986
1541360808013
1541360808043
1541360808068
1541360808089
1541360808116
1541360808146
1541360808176
1541360808200
1541360808220
1541360808241
1541360808272
1541360808301
1541360808329
1541360808352
1541360808373
1541360808404
1541360808434
1541360808463
1541360808484
1541360808504
1541360808531
1541360808560
1541360808585
1541360808606
1541360808627
1541360808651
1541360808685
1541360808716
1541360808739
1541360808771
1541360808801
1541360808830
1541360808858
1541360808879
1541360808901
1541360808923
1541360808956
1541360808985
1541360809006
1541360809028
1541360809054
1541360809083
1541360809114
1541360809140
1541360809160
1541360809185
1541360809216
1541360809245
1541360809271
1541360809293
1541360809321
1541360809346
1541360809373
1541360809395
1541360809415
1541360809438
1541360809486
1541360809517
1541360809544
1541360809565
1541360809591
1541360809614
1541360809642
1541360809661
1541360809682
1541360809707
1541360809731
1541360809759
1541360809779
1541360809803
1541360809832
1541360809863
1541360809886
1541360809907
1541360809930
1541360809959
1541360809985
1541360810010
1541360810032
1541360810055
1541360810086
1541360810112
1541360810140
1541360810161
1541360810187
1541360810216
1541360810242
1541360810272
1541360810297
1541360810319
1541360810341
1541360810363
1541360810386
1541360810406
1541360810427
1541360810449
1541360810479
1541360810503
1541360810527
1541360810549
1541360810576
1541360810602
1541360810624
1541360810645
1541360810668
1541360810696
1541360810725
1541360810751
1541360810777
1541360810801
1541360810828
1541360810857
1541360810880
1541360810903
1541360810925
1541360810950
1541360810977
1541360811005
1541360811029
1541360811051
1541360811078
1541360811102
1541360811124
1541360811151
1541360811175
1541360811204
1541360811233
1541360811262
1541360811293
1541360811317
1541360811349
1541360811379
1541360811411
1541360811434
1541360811460
1541360811489
1541360811511
1541360811536
1541360811557
1541360811581
1541360811602
1541360811645
1541360811670
1541360811694
1541360811720
1541360811747
1541360811775
1541360811807
1541360811830
1541360811877
1541360811906
1541360811929
1541360811953
1541360811973
1541360811992
1541360812021
1541360812043
1541360812065
1541360812085
1541360812104
1541360812128
1541360812156
1541360812183
1541360812206
1541360812234
1541360812262
1541360812284
1541360812312
1541360812334
1541360812353
1541360812379
1541360812406
1541360812430
1541360812449
1541360812468
1541360812492
1541360812515
1541360812537
1541360812557
1541360812574
1541360812601
1541360812625
1541360812645
1541360812667
1541360812690
1541360812712
1541360812737
1541360812759
1541360812778
1541360812800
1541360812828
1541360812851
1541360812878
1541360812897
1541360812914
1541360812935
1541360812961
1541360812988
1541360813009
1541360813034
1541360813058
1541360813090
1541360813115
1541360813138
1541360813164
1541360813193
1541360813218
1541360813246
1541360813271
1541360813292
1541360813320
1541360813347
1541360813375
1541360813401
1541360813427
1541360813458
1541360813486
1541360813512
1541360813537
1541360813557
1541360813588
1541360813613
1541360813644
1541360813668
1541360813690
1541360813719
1541360813739
1541360813761
1541360813778
1541360813801
1541360813825
1541360813850
1541360813872
1541360813892
1541360813914
1541360813936
1541360813959
1541360813983
1541360814006
1541360814027
1541360814051
1541360814076
1541360814100
1541360814120
1541360814142
1541360814165
1541360814210
1541360814233
1541360814256
1541360814283
1541360814311
1541360814340
1541360814363
1541360814383
1541360814409
1541360814433
1541360814456
1541360814485
1541360814507
1541360814530
1541360814554
1541360814578
1541360814605
1541360814633
1541360814655
1541360814684
1541360814712
1541360814741
1541360814765
1541360814786
1541360814808
1541360814831
1541360814853
1541360814875
1541360814895
1541360814924
1541360814953
1541360814977
1541360814999
1541360815022
1541360815048
1541360815070
1541360815100
1541360815120
1541360815139
1541360815161
1541360815183
1541360815209
1541360815233
1541360815257
1541360815281
1541360815310
1541360815336
1541360815355
1541360815375
1541360815405
1541360815433
1541360815458
1541360815477
1541360815498
1541360815530
1541360815563
1541360815585
1541360815609
1541360815629
1541360815655
1541360815677
1541360815704
1541360815723
1541360815743
1541360815774
1541360815801
1541360815826
1541360815847
1541360815873
1541360815895
1541360815917
1541360815936
1541360815961
1541360815983
1541360816007
1541360816036
1541360816065
1541360816085
1541360816105
1541360816130
1541360816155
1541360816184
1541360816205
1541360816225
1541360816252
1541360816285
1541360816307
1541360816329
1541360816349
1541360816373
1541360816402
1541360816430
1541360816453
1541360816476
1541360816497
1541360816519
1541360816541
1541360816561
1541360816585
1541360816609
1541360816660
1541360816689
1541360816713
1541360816736
1541360816757
1541360816784
1541360816816
1541360816836
1541360816857
1541360816888
1541360816914
1541360816940
1541360816963
1541360816985
1541360817008
1541360817059
1541360817086
1541360817114
1541360817135
1541360817158
1541360817182
1541360817209
1541360817233
1541360817254
1541360817278
1541360817305
1541360817334
1541360817358
1541360817377
1541360817405
1541360817434
1541360817462
1541360817486
1541360817512
1541360817539
1541360817567
1541360817598
1541360817622
1541360817646
1541360817672
1541360817702
1541360817727
1541360817749
1541360817774
1541360817802
1541360817830
1541360817871
1541360817895
1541360817915
1541360817943
1541360817967
1541360817991
1541360818010
1541360818032
1541360818056
1541360818083
1541360818110
1541360818128
1541360818152
1541360818177
1541360818204
1541360818237
1541360818255
1541360818275
1541360818299
1541360818326
1541360818347
1541360818365
1541360818384
1541360818409
1541360818435
1541360818460
1541360818484
1541360818508
1541360818534
1541360818566
1541360818594
1541360818617
1541360818637
1541360818659
1541360818686
1541360818715
1541360818739
1541360818759
1541360818789
1541360818812
1541360818836
1541360818862
1541360818888
1541360818916
1541360818947
1541360818971
1541360818991
1541360819018
1541360819045
1541360819073
1541360819099
1541360819120
1541360819163
1541360819188
1541360819212
1541360819234
1541360819258
1541360819281
1541360819305
1541360819331
1541360819354
1541360819373
1541360819395
1541360819417
1541360819443
1541360819466
1541360819489
1541360819513
1541360819537
1541360819563
1541360819589
1541360819609
1541360819637
1541360819658
1541360819690
1541360819719
1541360819743
1541360819767
1541360819796
1541360819828
1541360819860
1541360819880
1541360819906
1541360819929
1541360819960
1541360819984
1541360820004
1541360820026
1541360820054
1541360820082
1541360820106
1541360820126
1541360820150
1541360820176
1541360820198
1541360820225
1541360820251
1541360820272
1541360820297
1541360820320
1541360820348
1541360820372
1541360820391
1541360820420
1541360820448
1541360820473
1541360820494
1541360820514
1541360820540
1541360820566
1541360820597
1541360820618
1541360820644
1541360820669
1541360820694
1541360820717
1541360820738
1541360820765
1541360820796
1541360820823
1541360820851
1541360820871
1541360820897
1541360820919
1541360820946
1541360820973
1541360820996
1541360821020
1541360821044
1541360821072
1541360821101
1541360821123
1541360821142
1541360821171
1541360821202
1541360821227
1541360821249
1541360821270
1541360821292
1541360821318
1541360821346
1541360821371
1541360821394
1541360821424
1541360821451
1541360821477
1541360821500
1541360821524
1541360821553
1541360821577
1541360821622
1541360821641
1541360821662
1541360821682
1541360821702
1541360821723
1541360821744
1541360821762
1541360821781
1541360821805
1541360821836
1541360821857
1541360821882
1541360821911
1541360821930
1541360821952
1541360821971
1541360821990
1541360822019
1541360822043
1541360822068
1541360822090
1541360822111
1541360822134
1541360822156
1541360822186
1541360822215
1541360822236
1541360822258
1541360822285
1541360822314
1541360822336
1541360822356
1541360822385
1541360822412
1541360822435
1541360822459
1541360822481
1541360822503
1541360822523
1541360822549
1541360822569
1541360822588
1541360822608
1541360822632
1541360822658
1541360822676
1541360822698
1541360822723
1541360822744
1541360822772
1541360822792
1541360822816
1541360822836
1541360822862
1541360822884
1541360822902
1541360822921
1541360822942
1541360822970
1541360822991
1541360823014
1541360823035
1541360823059
1541360823084
1541360823112
1541360823129
1541360823149
1541360823181
1541360823199
1541360823223
1541360823247
1541360823270
1541360823295
1541360823322
1541360823354
1541360823379
1541360823398
1541360823418
1541360823446
1541360823474
1541360823493
1541360823515
1541360823538
1541360823565
1541360823591
1541360823610
1541360823631
1541360823652
1541360823673
1541360823693
1541360823715
1541360823736
1541360823761
1541360823786
1541360823808
1541360823828
1541360823852
1541360823881
1541360823907
1541360823933
1541360823977
1541360824001
1541360824030
1541360824052
1541360824075
1541360824104
1541360824132
1541360824188
1541360824216
1541360824242
1541360824268
1541360824295
1541360824320
1541360824349
1541360824376
1541360824402
1541360824422
1541360824444
1541360824467
1541360824491
1541360824516
1541360824536
1541360824568
1541360824594
1541360824622
1541360824648
1541360824669
1541360824697
1541360824719
1541360824746
1541360824766
1541360824785
1541360824809
1541360824831
1541360824854
1541360824875
1541360824897
1541360824926
1541360824953
1541360824981
1541360824999
1541360825021
1541360825044
1541360825071
1541360825096
1541360825122
1541360825145
1541360825174
1541360825204
1541360825227
1541360825250
1541360825272
1541360825294
1541360825317
1541360825349
1541360825371
1541360825396
1541360825419
1541360825448
1541360825475
1541360825499
1541360825520
1541360825541
1541360825566
1541360825597
1541360825624
1541360825650
1541360825679
1541360825706
1541360825733
1541360825758
1541360825779
1541360825806
1541360825832
1541360825858
1541360825884
1541360825905
1541360825930
1541360825960
1541360825989
1541360826012
1541360826032
1541360826055
1541360826082
1541360826109
1541360826127
1541360826147
1541360826176
1541360826204
1541360826233
1541360826252
1541360826275
1541360826301
1541360826330
1541360826352
1541360826371
1541360826422
1541360826447
1541360826473
1541360826496
1541360826515
1541360826536
1541360826565
1541360826589
1541360826615
1541360826635
1541360826656
1541360826677
1541360826703
1541360826728
1541360826746
1541360826769
1541360826794
1541360826816
1541360826847
1541360826870
1541360826888
1541360826911
1541360826936
1541360826986
1541360827011
1541360827037
1541360827064
1541360827085
1541360827116
1541360827143
1541360827170
1541360827198
1541360827225
1541360827252
1541360827272
1541360827291
1541360827321
1541360827343
1541360827373
1541360827399
1541360827417
1541360827446
1541360827474
1541360827504
1541360827527
1541360827553
1541360827582
1541360827613
1541360827639
1541360827665
1541360827690
1541360827719
1541360827741
1541360827768
1541360827796
1541360827823
1541360827853
1541360827880
1541360827908
1541360827927
1541360827947
1541360827968
1541360827991
1541360828015
1541360828038
1541360828063
1541360828087
1541360828107
1541360828134
1541360828154
1541360828174
1541360828198
1541360828227
1541360828254
1541360828280
1541360828301
1541360828327
1541360828354
1541360828381
1541360828403
1541360828421
1541360828454
1541360828481
1541360828509
1541360828530
1541360828555
1541360828579
1541360828604
1541360828630
1541360828655
1541360828682
1541360828705
1541360828727
1541360828754
1541360828777
1541360828797
1541360828824
1541360828851
1541360828877
1541360828901
1541360828923
1541360828954
1541360828976
1541360829004
1541360829028
1541360829049
1541360829072
1541360829100
1541360829127
1541360829149
1541360829172
1541360829199
1541360829220
1541360829246
1541360829271
1541360829294
1541360829318
1541360829342
1541360829366
1541360829390
1541360829417
1541360829444
1541360829472
1541360829498
1541360829528
1541360829555
1541360829585
1541360829610
1541360829643
1541360829668
1541360829699
1541360829725
1541360829756
1541360829791
1541360829822
1541360829854
1541360829880
1541360829912
1541360829943
1541360829969
1541360829990
1541360830013
1541360830041
1541360830071
1541360830099
1541360830120
1541360830147
1541360830170
1541360830199
1541360830225
1541360830247
1541360830272
1541360830302
1541360830333
1541360830356
1541360830379
1541360830404
1541360830431
1541360830452
1541360830477
1541360830501
1541360830525
1541360830551
1541360830574
1541360830596
1541360830617
1541360830644
1541360830672
1541360830698
1541360830724
1541360830750
1541360830774
1541360830801
1541360830826
1541360830850
1541360830877
1541360830906
1541360830935
1541360830962
1541360830982
1541360831004
1541360831033
1541360831060
1541360831083
1541360831105
1541360831130
1541360831159
1541360831184
1541360831210
1541360831236
1541360831256
1541360831281
1541360831311
1541360831342
1541360831367
1541360831389
1541360831421
1541360831447
1541360831471
1541360831502
1541360831523
1541360831547
1541360831574
1541360831604
1541360831625
1541360831649
1541360831674
1541360831700
1541360831726
1541360831768
1541360831789
1541360831812
1541360831835
1541360831859
1541360831882
1541360831904
1541360831930
1541360831952
1541360831980
1541360832003
1541360832028
1541360832080
1541360832102
1541360832134
1541360832155
1541360832175
1541360832203
1541360832228
1541360832257
1541360832284
1541360832305
1541360832333
1541360832362
1541360832394
1541360832420
1541360832441
1541360832469
1541360832496
1541360832526
1541360832554
1541360832575
1541360832601
1541360832627
1541360832650
1541360832671
1541360832693
1541360832718
1541360832740
1541360832766
1541360832787
1541360832811
1541360832834
1541360832859
1541360832888
1541360832911
1541360832932
1541360832956
1541360832980
1541360833006
1541360833029
1541360833052
1541360833076
1541360833099
1541360833127
1541360833151
1541360833174
1541360833200
1541360833233
1541360833261
1541360833281
1541360833306
1541360833330
1541360833357
1541360833380
1541360833401
1541360833421
1541360833448
1541360833478
1541360833509
1541360833531
1541360833557
1541360833582
1541360833612
1541360833634
1541360833658
1541360833680
1541360833710
1541360833733
1541360833760
1541360833785
1541360833811
1541360833839
1541360833860
1541360833883
1541360833905
1541360833925
1541360833956
1541360833985
1541360834017
1541360834037
1541360834064
1541360834092
1541360834120
1541360834146
1541360834169
1541360834191
1541360834214
1541360834242
1541360834273
1541360834296
1541360834317
1541360834339
1541360834367
1541360834398
1541360834422
1541360834447
1541360834470
1541360834498
1541360834527
1541360834546
1541360834566
1541360834594
1541360834617
1541360834646
1541360834670
1541360834692
1541360834720
1541360834746
1541360834767
1541360834790
1541360834811
1541360834835
1541360834860
1541360834885
1541360834906
1541360834932
1541360834958
1541360834984
1541360835009
1541360835031
1541360835051
1541360835079
1541360835106
1541360835131
1541360835152
1541360835172
1541360835195
1541360835215
1541360835237
1541360835259
1541360835278
1541360835307
1541360835336
1541360835363
1541360835384
1541360835404
1541360835429
1541360835457
1541360835484
1541360835506
1541360835529
1541360835556
1541360835581
1541360835608
1541360835631
1541360835652
1541360835674
1541360835702
1541360835725
1541360835746
1541360835766
1541360835788
1541360835808
1541360835837
1541360835858
1541360835878
1541360835905
1541360835933
1541360835959
1541360835982
1541360836004
1541360836031
1541360836058
1541360836086
1541360836113
1541360836137
1541360836160
1541360836184
1541360836210
1541360836229
1541360836249
1541360836273
1541360836294
1541360836315
1541360836339
1541360836359
1541360836382
1541360836408
1541360836434
1541360836454
1541360836474
1541360836496
1541360836524
1541360836551
1541360836574
1541360836593
1541360836619
1541360836638
1541360836660
1541360836678
1541360836699
1541360836727
1541360836758
1541360836784
1541360836807
1541360836829
1541360836853
1541360836874
1541360836895
1541360836947
1541360836968
1541360836997
1541360837026
1541360837052
1541360837079
1541360837100
1541360837123
1541360837153
1541360837174
1541360837195
1541360837216
1541360837242
1541360837267
1541360837293
1541360837313
1541360837337
1541360837360
1541360837384
1541360837413
1541360837437
1541360837459
1541360837487
1541360837517
1541360837546
1541360837568
1541360837591
1541360837616
1541360837645
1541360837677
1541360837704
1541360837725
1541360837751
1541360837780
1541360837806
1541360837831
1541360837853
1541360837881
1541360837911
1541360837933
1541360837957
1541360837987
1541360838015
1541360838037
1541360838063
1541360838089
1541360838111
1541360838145
1541360838170
1541360838192
1541360838216
1541360838236
1541360838258
1541360838281
1541360838312
1541360838340
1541360838360
1541360838383
1541360838416
1541360838465
1541360838493
1541360838515
1541360838539
1541360838569
1541360838592
1541360838615
1541360838638
1541360838669
1541360838700
1541360838728
1541360838748
1541360838772
1541360838795
1541360838817
1541360838844
1541360838867
1541360838884
1541360838911
1541360838935
1541360838960
1541360838980
1541360838999
1541360839022
1541360839073
1541360839099
1541360839124
1541360839144
1541360839169
1541360839196
1541360839224
1541360839246
1541360839265
1541360839291
1541360839317
1541360839336
1541360839361
1541360839382
1541360839403
1541360839432
1541360839458
1541360839478
1541360839497
1541360839520
1541360839546
1541360839567
1541360839585
1541360839603
1541360839629
1541360839655
1541360839678
1541360839700
1541360839719
1541360839738
1541360839761
1541360839788
1541360839807
1541360839830
1541360839854
1541360839882
1541360839908
1541360839934
1541360839957
1541360839982
1541360840007
1541360840027
1541360840047
1541360840066
1541360840094
1541360840121
1541360840140
1541360840159
1541360840183
1541360840213
1541360840237
1541360840266
1541360840292
1541360840312
1541360840339
1541360840365
1541360840386
1541360840405
1541360840427
1541360840451
1541360840477
1541360840504
1541360840523
1541360840545
1541360840574
1541360840599
1541360840623
1541360840650
1541360840676
1541360840698
1541360840725
1541360840747
1541360840765
1541360840784
1541360840806
1541360840830
1541360840859
1541360840881
1541360840904
1541360840930
1541360840955
1541360840978
1541360840998
1541360841019
1541360841047
1541360841076
1541360841107
1541360841133
1541360841160
1541360841192
1541360841220
1541360841247
1541360841269
1541360841294
1541360841325
1541360841353
1541360841381
1541360841403
1541360841422
1541360841444
1541360841496
1541360841523
1541360841545
1541360841566
1541360841587
1541360841609
1541360841639
1541360841659
1541360841678
1541360841705
